Initialisation finished
   Target Joint State: [-3.06806153351502 -1.36949397404996 1.61197504491096 -0.243674993433227 0.0735067800549421 0.00127618748890486]
   Target Pose: [-1 0 0 0.6;0 0 1 1.85;0 1 0 1.58;0 0 0 1]
   Actual Pose: [-0.999999996048143 8.54911292786464e-05 -2.43922213734454e-05 0.600083720890699;-2.43997172555187e-05 -8.76802860709642e-05 0.999999995858411 1.85004941503551;8.54889902076293e-05 0.999999992501717 8.76823716838465e-05 1.58020636860308;0 0 0 1]
   Δ = 0.000228120655817098
 
   Target Joint State: [-3.06806153351502 -1.36949397404996 1.61197504491096 -0.243674993433228 0.0735067800549424 0.00127618748890486]
   Target Pose: [-1 0 0 0.6;0 0 1 1.85;0 1 0 1.58;0 0 0 1]
   Actual Pose: [-0.999999996048143 8.54911292786464e-05 -2.43922213734454e-05 0.600083720890699;-2.43997172555187e-05 -8.76802860709642e-05 0.999999995858411 1.85004941503551;8.54889902076293e-05 0.999999992501717 8.76823716838465e-05 1.58020636860308;0 0 0 1]
   Δ = 0.000228120655817098
 
   Actual Pose: [-0.999970905518827 -0.000423420250870849 -0.00761635287711376 0.586082095726692;-0.00761299685642407 -0.00743114370780165 0.999943408589735 1.99722763432229;-0.000479994501680879 0.999972299025571 0.00742770400549212 1.57519761100927;0 0 0 1]
   Δ = 0.0360338427333795
 
   Actual Pose: [-0.999999695335301 0.000707002931710394 -0.000330871818769604 0.590574311719447;-0.000331091500856855 -0.000310628575619019 0.999999896944148 1.85391762768322;0.000706900080607827 0.999999701828327 0.000310862563643228 1.57916043532166;0 0 0 1]
   Δ = 0.0371919154332399
 
   Actual Pose: [0.991494759542558 -0.042829298814897 -0.122897489651616 0.427433061577689;-0.123852910796021 -0.0204078594685144 -0.99209070944106 1.29221862785033;0.039982474748291 0.998873951224546 -0.0255388190420906 1.17201146935031;0 0 0 1]
   Δ = 0.38403 Failed to achieve desired pose
   Actual Pose: [0.997135328812432 0.00694156395584467 -0.075318993115746 0.125748362377534;-0.0752831937598818 -0.0052821669753205 -0.997148203352619 0.682202912563908;-0.0073196155250782 0.999961955977272 -0.00474445219949391 0.961289297717072;0 0 0 1]
   Δ = 0.26335 Failed to achieve desired pose
   Target Joint State: [-4.81700983049342 -0.641659956522896 2.03906453755017 -1.39250717742094 -4.74136524597992 1.56336002127575]
   Target Pose: [0.00694156395584467 -0.997135328812432 -0.075318993115746 0.125748362377534;-0.0052821669753205 0.0752831937598818 -0.997148203352619 0.682202912563908;0.999961955977272 0.0073196155250782 -0.00474445219949391 0.961289297717072;0 0 0 1]
   Actual Pose: [0.00690355123775145 -0.997116509165888 -0.0755712123043012 0.125955813954534;-0.0054324489083273 0.0755345011641324 -0.99712839074652 0.681990622549708;0.999961413995143 0.00729426368591872 -0.00489532819268877 0.961360505519256;0 0 0 1]
   Δ = 0.000305243768192095
 
   Target Joint State: [-4.81630130951208 -0.64160427733685 2.03853838697037 -1.39190230544158 -4.74063349482791 -0.00752583038869857]
   Target Pose: [0.997116509165888 0.00690355123775145 -0.0755712123043012 0.125955813954534;-0.0755345011641324 -0.0054324489083273 -0.99712839074652 0.681990622549708;-0.00729426368591872 0.999961413995143 -0.00489532819268877 0.961360505519256;0 0 0 1]
   Actual Pose: [0.997114209491859 0.00698231548101487 -0.0755943152621235 0.126363162494091;-0.0755561789120955 -0.00557341682408207 -0.997125970403493 0.681856681167046;-0.00738356672815717 0.999960091351364 -0.00502977603300896 0.961352391756589;0 0 0 1]
   Δ = 0.000428881055554696
 
   Actual Pose: [0.999996852739358 0.000526851569487636 0.00245294492428953 0.220706205130163;0.00246452861554399 -0.0232439590549539 -0.999726784909835 0.940457510573157;-0.000469691474304332 0.99972968386203 -0.0232451843409256 1.02850724147925;0 0 0 1]
   Δ = 0.060861 Failed to achieve desired pose
   Target Joint State: [-4.77431792883185 -0.788010058380832 2.33298183873003 -1.75115964222825 -6.28318530717959 0.229446108651833]
   Target Pose: [-0.00245294492428953 0.000526851569487636 0.999996852739358 0.220706205130163;0.999726784909835 -0.0232439590549539 0.00246452861554399 0.940457510573157;0.0232451843409256 0.99972968386203 -0.000469691474304332 1.02850724147925;0 0 0 1]
   Actual Pose: [0.0618726324579529 -0.00143930849296041 0.998083015457024 0.323991771344808;0.99781307309717 -0.0232115682401513 -0.0618893711085743 0.93409047788033;0.0232561499200772 0.999729539170917 1.11376729077172e-16 1.02844411666163;0 0 0 1]
   Δ = 0.10348 Failed to achieve desired pose
   Target Joint State: [-3.22663729686377 -0.643658641283835 1.16325202412705 -1.50174668332035 -6.28318530717959 0.982031569679994]
   Target Pose: [-1 0 0 1.1;0 0 1 1.65;0 1 0 1.28;0 0 0 1]
   Actual Pose: [-0.996385876016449 -0.000121290847546417 0.0849421648150274 1.10553044361382;0.0849421641856745 1.03400774079945e-05 0.996385883398865 1.71234198537504;-0.000121730796840124 0.999999992590807 2.64938834757838e-16 1.28003090141118;0 0 0 1]
   Δ = 0.062587 Failed to achieve desired pose
   Target Joint State: [-3.0682017458022 -1.36970037712677 1.61272041830124 -0.245061268642555 -6.20983353726957 0.00206047576008207]
   Target Pose: [-1 0 0 0.6;0 0 1 1.85;0 1 0 1.58;0 0 0 1]
   Actual Pose: [-0.999999998922032 2.47430865618027e-05 -3.92901436122721e-05 0.600056924983736;-3.92938445608977e-05 -0.000149592339894214 0.999999988039063 1.84996093771803;2.47372087613344e-05 0.999999988504956 0.000149593311983955 1.57997889539143;0 0 0 1]
   Δ = 7.21922443832522e-05
 
   Actual Pose: [-0.999970728444202 -0.000471323940082043 -0.00763676034169874 0.586051156493179;-0.00763295571562053 -0.00760559819652624 0.999941944746352 1.99712761201228;-0.000529378707933278 0.99997096594342 0.00760177797407189 1.57497220753085;0 0 0 1]
   Δ = 0.0360461913264869
 
   Actual Pose: [-0.999999728598972 0.000650960105138588 -0.000345040466898399 0.590549507444091;-0.000345286100478009 -0.000377265810424962 0.999999869224 1.85383062062703;0.000650829848037255 0.999999716960685 0.000377490475510903 1.57890981229092;0 0 0 1]
   Δ = 0.0372055696674624
 
   Target Joint State: [-3.0972337442032 -0.625091910044652 0.364692329159582 0.224483171402559 -6.23879685185762 0.0357804653299916]
   Target Pose: [-1 0 0 1;0 0 1 1.85;0 1 0 1.58;0 0 0 1]
   Actual Pose: [-0.999999994939546 -0.000100598178741446 9.56266332073051e-07 0.999082747883322;1.11655903753522e-06 -0.00159340771149076 0.999998730524503 1.84984502746802;-0.000100596527312375 0.999998725465123 0.0015934078157512 1.57978900775006;0 0 0 1]
   Δ = 0.000953879269483853
 
   Actual Pose: [-0.99999401556147 -0.00155172806192691 -0.00309208364512214 0.969051911860927;-0.00306437037011565 -0.0175550089763481 0.9998412030388 2.00814931207258;-0.00160576320837181 0.999844694840085 0.0175501488499805 1.56952806290558;0 0 0 1]
   Δ = 0.0385202648750177
 
   Actual Pose: [-0.999999262681994 0.000927648068006957 -0.000783648218972614 0.996734373642725;-0.000785171320884618 -0.00164267235526546 0.999998342565392 1.85306164842675;0.000926359253225385 0.999998220546714 0.00164339950675242 1.58041409391023;0 0 0 1]
   Δ = 0.0393989662001328
 
   Actual Pose: [0.993208387647017 -0.0260897354624288 -0.113386173809301 0.681302714866397;-0.114639992933527 -0.0530218738844124 -0.991991105257495 1.22385814311441;0.0198688381092976 0.998252476377237 -0.0556526969598111 1.19227839985733;0 0 0 1]
   Δ = 0.53242 Failed to achieve desired pose
   Actual Pose: [0.996149602471819 0.0123066319891626 -0.0868015916001612 0.167532566183093;-0.0863707126391241 -0.0320421257584173 -0.995747659889337 0.675249618627205;-0.015035607518411 0.999410750885723 -0.030855818261508 0.979528168525806;0 0 0 1]
   Δ = 0.26967 Failed to achieve desired pose
   Target Joint State: [-4.74501424269868 -0.671085224788145 1.99900744953049 -1.29669773488407 -4.65817503198403 1.55725129388911]
   Target Pose: [0.0123066319891626 -0.996149602471819 -0.0868015916001612 0.167532566183093;-0.0320421257584173 0.0863707126391241 -0.995747659889337 0.675249618627205;0.999410750885723 0.015035607518411 -0.030855818261508 0.979528168525806;0 0 0 1]
   Actual Pose: [0.0124753246238779 -0.996155112550036 -0.086714231911223 0.167451137467123;-0.0323743090420181 0.0862731258180494 -0.995745375020961 0.67509918344317;0.999397953965076 0.0152295601383467 -0.0311735482165844 0.979460459763364;0 0 0 1]
   Δ = 0.000183972435140669
 
   Target Joint State: [-4.74535526654001 -0.671111883184073 1.99955344477159 -1.2975018983037 -4.65851709040443 -0.0136323969985022]
   Target Pose: [0.996155112550036 0.0124753246238779 -0.086714231911223 0.167451137467123;-0.0862731258180494 -0.0323743090420181 -0.995745375020961 0.67509918344317;-0.0152295601383467 0.999397953965076 -0.0311735482165844 0.979460459763364;0 0 0 1]
   Actual Pose: [0.996154113520908 0.0125610965365509 -0.0867133263643694 0.167246625977077;-0.0862737930731715 -0.0320969838621144 -0.99575429512291 0.675255194101664;-0.0152910020646715 0.999405824718245 -0.0308898490624929 0.979453278566046;0 0 0 1]
   Δ = 0.000257324395888465
 
   Actual Pose: [0.99999876756529 -0.00108290488775341 -0.00113674311294384 0.23427495583444;-0.00116571718111463 -0.0271419899453514 -0.99963090862841 0.935772360796152;0.00105165172676112 0.999631001769558 -0.0271432188554541 1.03466800920847;0 0 0 1]
   Δ = 0.06602 Failed to achieve desired pose
   Target Joint State: [-4.77090473927909 -0.799728889348317 2.32990103577409 -1.75179924585041 -6.28318530717959 0.249062328676718]
   Target Pose: [0.00113674311294384 -0.00108290488775341 0.99999876756529 0.23427495583444;0.99963090862841 -0.0271419899453514 -0.00116571718111463 0.935772360796152;0.0271432188554541 0.999631001769558 0.00105165172676112 1.03466800920847;0 0 0 1]
   Actual Pose: [0.0584603624808692 -0.00160427597548129 0.998288441442252 0.325485805010522;0.997912763243289 -0.0273848365586364 -0.0584823707009225 0.930676268070803;0.0274317876695766 0.99962367770339 1.15072029873934e-16 1.03444737709779;0 0 0 1]
   Δ = 0.091353 Failed to achieve desired pose
   Target Joint State: [-3.23830568565088 -0.0285707530478319 -4.65987455922092e-05 -1.57729637394113 -6.28003487964047 1.60608307635561]
   Target Pose: [-1 0 0 1.5;0 0 1 1.65;0 1 0 1.28;0 0 0 1]
   Actual Pose: [-0.995337650879461 -0.000135290214994983 0.0964517622353958 1.32765476860197;0.0964517087529028 -0.00315011790398817 0.995332680381709 1.67816401221591;0.000169175650768556 0.99999502921452 0.00314847992696273 1.27498854883271;0 0 0 1]
   Δ = 0.1747 Failed to achieve desired pose
   Target Joint State: [-3.0968269367935 -0.318652324806762 -0.327233653927098 0.630412203579107 -6.23826675006241 0.0154614826540084]
   Target Pose: [-1 0 0 1;0 0 1 1.85;0 1 0 1.58;0 0 0 1]
   Actual Pose: [-0.999999989121143 3.21046354598807e-06 0.000147470022794014 0.999651811350822;0.000147467756573685 -0.000694798695807043 0.999999747753985 1.85028055549097;3.31292471566935e-06 0.999999758622203 0.000694798214808571 1.57987025314397;0 0 0 1]
   Δ = 0.000465597428666003
 
   Actual Pose: [-0.999997978711459 -0.00115298925078748 -0.0016471760029394 0.965058441629036;-0.00163436868455669 -0.0110221008565122 0.999937919138839 2.0073689227016;-0.00117107301225471 0.999938590068658 0.0110201941681409 1.56702393791675;0 0 0 1]
   Δ = 0.043494091267166
 
   Actual Pose: [-0.999999539057247 0.000697775955293314 -0.000659540756426025 0.997267703241935;-0.000660032783673126 -0.000705141296697902 0.999999533566129 1.85303708463402;0.000697310560402764 0.999999507942113 0.000705601526674284 1.58119040245585;0 0 0 1]
   Δ = 0.0440174010995332
 
   Actual Pose: [0.919841029655823 0.0768002444885786 -0.384700146358445 -0.428182925734187;-0.129473772412201 0.985133336211102 -0.112910814995451 -0.339728011466501;0.370309360425939 0.153668579521248 0.916109679704812 1.19231876408059;0 0 0 1]
   Δ = 1.0543 Failed to achieve desired pose
   Actual Pose: [-0.00349273478825618 -0.963207582346128 0.268735844491625 -0.523675435455364;0.998396939352867 -0.0185405018943777 -0.0534771098726614 -0.929054276454137;0.0564920551451885 0.268118263272819 0.961728259231806 1.43699999299212;0 0 0 1]
   Δ = 0.48568 Failed to achieve desired pose
   Actual Pose: [0.138139978287548 0.94095895023206 -0.309052746916923 -0.529735765642139;-0.970876831406168 0.066981616803487 -0.230025305671159 -0.807213058633977;-0.195743517485088 0.331827842395076 0.922808083175475 1.41344211694945;0 0 0 1]
   Δ = 0.21341 Failed to achieve desired pose
   Actual Pose: [0.114242272195396 -0.900280568117663 0.420051903832575 -0.804026980840793;0.993416730663716 0.099915186562181 -0.056037083539904 -1.10804173540968;0.00847953306773072 0.423688392765228 0.905768316599212 1.50825874242583;0 0 0 1]
   Δ = 0.22393 Failed to achieve desired pose
   Actual Pose: [0.152309228291193 0.900485458663062 -0.407342408440021 -0.578306061603506;-0.932721325820291 -0.0053401094887213 -0.360558471805458 -0.899228171258978;-0.32685291391906 0.434853333857548 0.839088642930886 1.41847201484266;0 0 0 1]
   Δ = 0.15144 Failed to achieve desired pose
   Actual Pose: [0.148276358217932 -0.757096673563055 0.636253682483161 -0.789137951015839;0.988888593422139 0.106577821174417 -0.10363646961035 -1.13268125158399;0.0106522952085605 0.644550847422816 0.764487235794895 1.50424897319493;0 0 0 1]
   Δ = 0.24917 Failed to achieve desired pose
   Actual Pose: [0.210648175792295 0.768141372670015 -0.604637228119477 -0.542576992535207;-0.86588468753886 -0.14046839401685 -0.480117004664549 -0.841759378246004;-0.453730155401985 0.624681888544043 0.635532441503924 1.34962502634358;0 0 0 1]
   Δ = 0.22241 Failed to achieve desired pose
   Target Joint State: [-1.34556484275181 0.0880487784879014 0.895883800978905 2.15775029909254 -1.79591311286709 6.17790663120697e-05]
   Target Pose: [1 0 0 -0.4;0 0 1 0.5;0 -1 0 0.92;0 0 0 1]
   Actual Pose: [0.999999992555805 -4.16289425281044e-05 -0.000114697084552112 -0.399948411231599;0.000114693422809496 -8.79531922611329e-05 0.999999989554827 0.499809970279393;-4.16390300680123e-05 -0.999999995265634 -8.79484170404857e-05 0.920150138251541;0 0 0 1]
   Δ = 0.000247617023475198
 
   Actual Pose: [0.98594092721582 0.143987140827043 -0.0847832018578122 -0.0375354510989903;-0.137655443287946 0.987534134539917 0.0763368328639389 0.343553912849982;0.094717828174048 -0.0635927385394825 0.993470933963868 0.79285095923353;0 0 0 1]
   Δ = 0.17661 Failed to achieve desired pose
   Actual Pose: [0.999931353176583 -0.00714963108518823 -0.00928287185055159 -0.333495922193034;0.00739737497492229 0.999609841085274 0.0269340759810703 0.293429081008812;0.00908668134845975 -0.0270008959262352 0.999594109547096 0.831153223813513;0 0 0 1]
   Δ = 0.24382 Failed to achieve desired pose
   Actual Pose: [0.997388309294887 -0.00639502200506656 -0.07194208904001 -0.00234177784823325;0.00148072646366307 0.997673577249806 -0.0681560027196035 -1.67064437187567;0.0722105804645401 0.0678714737657103 0.995077431719685 0.804167220069276;0 0 0 1]
   Δ = 1.4602 Failed to achieve desired pose
   Actual Pose: [0.999955216514753 -0.00192792463496122 -0.00926542344063882 -0.273758477044767;0.00368695077200934 0.981038872901692 0.193775995029785 -0.355018512825155;0.00871615505467918 -0.193801478225478 0.981002046725022 0.536067090996263;0 0 0 1]
   Δ = 0.91642 Failed to achieve desired pose
   Actual Pose: [-0.999970905518827 -0.000423420250870849 -0.00761635287711376 0.586082095726692;-0.00761299685642407 -0.00743114370780165 0.999943408589735 1.99722763432229;-0.000479994501680879 0.999972299025571 0.00742770400549212 1.57519761100927;0 0 0 1]
   Δ = 0.0360338427333795
 
   Actual Pose: [-0.999999695335301 0.000707002931710394 -0.000330871818769604 0.590574311719447;-0.000331091500856855 -0.000310628575619019 0.999999896944148 1.85391762768322;0.000706900080607827 0.999999701828327 0.000310862563643228 1.57916043532166;0 0 0 1]
   Δ = 0.0371919154332399
 
   Actual Pose: [0.991494759542558 -0.042829298814897 -0.122897489651616 0.427433061577689;-0.123852910796021 -0.0204078594685144 -0.99209070944106 1.29221862785033;0.039982474748291 0.998873951224546 -0.0255388190420906 1.17201146935031;0 0 0 1]
   Δ = 0.38403 Failed to achieve desired pose
   Actual Pose: [0.997135328812432 0.00694156395584467 -0.075318993115746 0.125748362377534;-0.0752831937598818 -0.0052821669753205 -0.997148203352619 0.682202912563908;-0.0073196155250782 0.999961955977272 -0.00474445219949391 0.961289297717072;0 0 0 1]
   Δ = 0.26335 Failed to achieve desired pose
   Target Joint State: [-4.81700983049342 -0.641659956522896 2.03906453755017 -1.39250717742094 -4.74136524597992 1.56336002127575]
   Target Pose: [0.00694156395584467 -0.997135328812432 -0.075318993115746 0.125748362377534;-0.0052821669753205 0.0752831937598818 -0.997148203352619 0.682202912563908;0.999961955977272 0.0073196155250782 -0.00474445219949391 0.961289297717072;0 0 0 1]
   Actual Pose: [0.00690355123775145 -0.997116509165888 -0.0755712123043012 0.125955813954534;-0.0054324489083273 0.0755345011641324 -0.99712839074652 0.681990622549708;0.999961413995143 0.00729426368591872 -0.00489532819268877 0.961360505519256;0 0 0 1]
   Δ = 0.000305243768192095
 
   Target Joint State: [-4.81630130951208 -0.64160427733685 2.03853838697037 -1.39190230544158 -4.74063349482791 -0.00752583038869857]
   Target Pose: [0.997116509165888 0.00690355123775145 -0.0755712123043012 0.125955813954534;-0.0755345011641324 -0.0054324489083273 -0.99712839074652 0.681990622549708;-0.00729426368591872 0.999961413995143 -0.00489532819268877 0.961360505519256;0 0 0 1]
   Actual Pose: [0.997114209491859 0.00698231548101487 -0.0755943152621235 0.126363162494091;-0.0755561789120955 -0.00557341682408207 -0.997125970403493 0.681856681167046;-0.00738356672815717 0.999960091351364 -0.00502977603300896 0.961352391756589;0 0 0 1]
   Δ = 0.000428881055554696
 
   Actual Pose: [0.999996852739358 0.000526851569487636 0.00245294492428953 0.220706205130163;0.00246452861554399 -0.0232439590549539 -0.999726784909835 0.940457510573157;-0.000469691474304332 0.99972968386203 -0.0232451843409256 1.02850724147925;0 0 0 1]
   Δ = 0.060861 Failed to achieve desired pose
   Target Joint State: [-4.77431792883185 -0.788010058380832 2.33298183873003 -1.75115964222825 -6.28318530717959 0.229446108651833]
   Target Pose: [-0.00245294492428953 0.000526851569487636 0.999996852739358 0.220706205130163;0.999726784909835 -0.0232439590549539 0.00246452861554399 0.940457510573157;0.0232451843409256 0.99972968386203 -0.000469691474304332 1.02850724147925;0 0 0 1]
   Actual Pose: [0.0618726324579529 -0.00143930849296041 0.998083015457024 0.323991771344808;0.99781307309717 -0.0232115682401513 -0.0618893711085743 0.93409047788033;0.0232561499200772 0.999729539170917 1.11376729077172e-16 1.02844411666163;0 0 0 1]
   Δ = 0.10348 Failed to achieve desired pose
   Target Joint State: [-3.22663729686377 -0.643658641283835 1.16325202412705 -1.50174668332035 -6.28318530717959 0.982031569679994]
   Target Pose: [-1 0 0 1.1;0 0 1 1.65;0 1 0 1.28;0 0 0 1]
   Actual Pose: [-0.996385876016449 -0.000121290847546417 0.0849421648150274 1.10553044361382;0.0849421641856745 1.03400774079945e-05 0.996385883398865 1.71234198537504;-0.000121730796840124 0.999999992590807 2.64938834757838e-16 1.28003090141118;0 0 0 1]
   Δ = 0.062587 Failed to achieve desired pose
   Target Joint State: [-3.0682017458022 -1.36970037712677 1.61272041830124 -0.245061268642555 -6.20983353726957 0.00206047576008207]
   Target Pose: [-1 0 0 0.6;0 0 1 1.85;0 1 0 1.58;0 0 0 1]
   Actual Pose: [-0.999999998922032 2.47430865618027e-05 -3.92901436122721e-05 0.600056924983736;-3.92938445608977e-05 -0.000149592339894214 0.999999988039063 1.84996093771803;2.47372087613344e-05 0.999999988504956 0.000149593311983955 1.57997889539143;0 0 0 1]
   Δ = 7.21922443832522e-05
 
   Actual Pose: [-0.999970728444202 -0.000471323940082043 -0.00763676034169874 0.586051156493179;-0.00763295571562053 -0.00760559819652624 0.999941944746352 1.99712761201228;-0.000529378707933278 0.99997096594342 0.00760177797407189 1.57497220753085;0 0 0 1]
   Δ = 0.0360461913264869
 
   Actual Pose: [-0.999999728598972 0.000650960105138588 -0.000345040466898399 0.590549507444091;-0.000345286100478009 -0.000377265810424962 0.999999869224 1.85383062062703;0.000650829848037255 0.999999716960685 0.000377490475510903 1.57890981229092;0 0 0 1]
   Δ = 0.0372055696674624
 
   Actual Pose: [0.999391780635751 0.0306114493933139 -0.0167035314752368 -0.00525272355877525;-0.030626061294142 0.999530720107306 -0.000619621964381577 0.298141475388768;0.0166767253173728 0.00113080847709356 0.999860294293596 0.846020835053933;0 0 0 1]
   Δ = 0.23802 Failed to achieve desired pose
   Actual Pose: [0.999816763320295 -0.0149317791042652 -0.0119783870579349 -0.347538463615054;0.0149282739775916 0.999888494145326 -0.000381984086678985 0.3396998176107;0.011982755099652 0.000203097449372752 0.999928183587025 0.97578026292924;0 0 0 1]
   Δ = 0.17765 Failed to achieve desired pose
   Actual Pose: [0.999889705556432 0.014819878498151 0.000973613666047154 -0.00836896929495799;-0.014828153624016 0.999848398425056 0.0091272135371331 0.338561555810043;-0.000838201869035003 -0.00914064374920529 0.99995787213736 0.800600019740107;0 0 0 1]
   Δ = 0.18063 Failed to achieve desired pose
   Actual Pose: [0.999828310016244 -0.0143736160245526 -0.011694000702911 -0.330288170684509;0.0144666567649219 0.999864056913422 0.00791097558331622 0.291246754635306;0.0115787016589468 -0.00807879044242459 0.99990032843923 0.82771484992278;0 0 0 1]
   Δ = 0.24503 Failed to achieve desired pose
   Actual Pose: [0.996956387714604 -0.00677099734276054 -0.0776666890631463 -0.0276753646316227;0.00140465165719742 0.997619674742654 -0.0689420881616035 -1.67799972110853;0.0779486237772615 0.0686231605315924 0.994592818137094 0.817562209978799;0 0 0 1]
   Δ = 1.4594 Failed to achieve desired pose
   Actual Pose: [0.999982797037816 -0.00439847791268533 0.00388059537674152 -0.262365052946558;0.00366973610895213 0.985248942801378 0.171087853881148 -0.36478875080959;-0.00457587863879946 -0.17107066990229 0.985248134854294 0.423677885835479;0 0 0 1]
   Δ = 0.95105 Failed to achieve desired pose
