Initialisation finished
   Target Joint State: [-3.06806153351502 -1.36949397404996 1.61197504491096 -0.243674993433227 0.0735067800549421 0.00127618748890486]
   Target Pose: [-1 0 0 0.6;0 0 1 1.85;0 1 0 1.58;0 0 0 1]
   Actual Pose: [-0.999999996048143 8.54911292789795e-05 -2.4392221371558e-05 0.6000837208907;-2.43997172536313e-05 -8.7680286070939e-05 0.999999995858411 1.85004941503551;8.54889902079626e-05 0.999999992501717 8.76823716838212e-05 1.58020636860308;0 0 0 1]
   Δ = 0.000228120655816798
 
   Actual Pose: [-0.999971960508744 -0.000678149238889526 -0.00745776842679818 0.590272577725242;-0.00745272394222587 -0.00715947880468175 0.999946597958654 1.99612617434769;-0.000731506759317718 0.999974140654075 0.00715422399746934 1.57503871378379;0 0 0 1]
   Δ = 0.0356907078929513
 
   Actual Pose: [-0.999999969590721 0.000236761691306712 -6.90105627458997e-05 0.598925988705316;-6.90347092979116e-05 -0.000101980079127694 0.999999992417136 1.85085045743918;0.00023675465180873 0.999999966771982 0.000101996420801085 1.57907214159771;0 0 0 1]
   Δ = 0.0358730304378264
 
   Actual Pose: [0.991319251162205 0.00259624509798051 -0.131451138399777 0.39387924856516;-0.131089948870642 -0.0571201543149798 -0.989723553966523 1.3359243619137;-0.0100780742356165 0.998363935387504 -0.0562839669646454 1.148210557243;0 0 0 1]
   Δ = 0.39514 Failed to achieve desired pose
   Actual Pose: [0.997429560887377 -0.00396075299769239 -0.0715442765265401 0.217872177663507;-0.0715959087022207 -0.014951669251812 -0.997321649942328 0.637919327590544;0.00288043835518759 0.999880372855811 -0.0151968106063829 0.95794468985395;0 0 0 1]
   Δ = 0.24848 Failed to achieve desired pose
   Target Joint State: [-4.66999087635555 -0.609975721573404 1.88375290900109 -1.25870968288112 -4.59825728407516 1.57547478584681]
   Target Pose: [-0.00396075299769239 -0.997429560887377 -0.0715442765265401 0.217872177663507;-0.014951669251812 0.0715959087022207 -0.997321649942328 0.637919327590544;0.999880372855811 -0.00288043835518759 -0.0151968106063829 0.95794468985395;0 0 0 1]
   Actual Pose: [-0.0040277965392778 -0.997419772933999 -0.0716768680630577 0.21803675036386;-0.0147179762735069 0.0717288146080316 -0.997315576098829 0.638090256550464;0.999883572237013 -0.00296204578246734 -0.014968909624014 0.95796771297744;0 0 0 1]
   Δ = 0.000238392422815502
 
   Target Joint State: [-4.66991649908319 -0.609966928832445 1.8837467118456 -1.25871509334039 -4.59816145210648 0.00465503058205777]
   Target Pose: [0.997419772933999 -0.0040277965392778 -0.0716768680630577 0.21803675036386;-0.0717288146080316 -0.0147179762735069 -0.997315576098829 0.638090256550464;0.00296204578246734 0.999883572237013 -0.014968909624014 0.95796771297744;0 0 0 1]
   Actual Pose: [0.997418332550916 -0.00400342124170134 -0.0716982741055339 0.218082490991856;-0.0717498498017544 -0.0147166976530125 -0.997314081853663 0.638105123981461;0.00293750655768687 0.999883688950145 -0.0149659489065089 0.957963189504138;0 0 0 1]
   Δ = 4.83084605903563e-05
 
   Actual Pose: [0.999994229988887 -0.000621095270624644 -0.00333979484372746 0.253050100221485;-0.00335561928527767 -0.02751297999814 -0.999615814076005 0.926956422353684;0.000528968945830845 0.999621253361635 -0.0275149054072077 1.02439441294336;0 0 0 1]
   Δ = 0.07672 Failed to achieve desired pose
   Target Joint State: [-4.76407491262315 -0.777223934317895 2.30640338495023 -1.74504830785964 -6.28318530717959 0.243601647712668]
   Target Pose: [0.00333979484372746 -0.000621095270624644 0.999994229988887 0.253050100221485;0.999615814076005 -0.02751297999814 -0.00335561928527767 0.926956422353684;0.0275149054072077 0.999621253361635 0.000528968945830845 1.02439441294336;0 0 0 1]
   Actual Pose: [0.051643056803905 -0.00143257336091775 0.998664579534848 0.328520229572716;0.998280563855252 -0.0276922055162453 -0.0516629227056094 0.923152472999419;0.0277292357050889 0.999615470812258 1.13695278264309e-16 1.02416349935464;0 0 0 1]
   Δ = 0.075566 Failed to achieve desired pose
   Target Joint State: [-3.22663052917362 -0.64406968283089 1.1635794002468 -1.49945618839709 -6.28318530717959 0.979904951005876]
   Target Pose: [-1 0 0 1.1;0 0 1 1.65;0 1 0 1.28;0 0 0 1]
   Actual Pose: [-0.99638645737946 -4.13699411229717e-05 0.0849354215821477 1.10519810067592;0.0849354215089373 3.52651660486861e-06 0.9963864582383 1.71237764596834;-4.15199752875957e-05 0.999999999138046 2.64638225933626e-16 1.27998472738722;0 0 0 1]
   Δ = 0.062594 Failed to achieve desired pose
   Target Joint State: [-3.06825880017841 -1.36999594329626 1.6130007349817 -0.245877612903665 -6.20990277699405 0.00297855528941634]
   Target Pose: [-1 0 0 0.6;0 0 1 1.85;0 1 0 1.58;0 0 0 1]
   Actual Pose: [-0.999999992231385 0.000113455433467104 -5.16245470606328e-05 0.600019005332695;-5.16484096815009e-05 -0.000210333076988959 0.999999976546219 1.84992302373089;0.000113444572456313 0.99999997144393 0.000210338935147671 1.58003362894428;0 0 0 1]
   Δ = 8.61246455478178e-05
 
   Actual Pose: [-0.999971706936987 -0.000628399601330806 -0.0074960282463648 0.590199472975873;-0.00749110637338012 -0.00749950133599014 0.999943818824345 1.99597570973793;-0.000684580770950655 0.99997168089584 0.00749458174386771 1.5748682242048;0 0 0 1]
   Δ = 0.0357174274381172
 
   Actual Pose: [-0.999999959540545 0.000267693429405786 -9.62244028985397e-05 0.598865108089974;-9.62845693911324e-05 -0.000224755136954524 0.999999970107205 1.85072563299151;0.000267671794474829 0.999999938912676 0.000224780902607633 1.57886263658587;0 0 0 1]
   Δ = 0.0359017512272771
 
   Actual Pose: [0.922906511337459 0.00541772891556629 -0.384985999153629 -0.389330502690906;-0.0309250610306112 0.997713522845593 -0.0600946497725883 -0.0965392581294728;0.383780160940053 0.0673674590914227 0.920963850280993 0.956489218646127;0 0 0 1]
   Δ = 0.75058 Failed to achieve desired pose
   Actual Pose: [0.997183976547663 -0.0746534536842612 -0.00713994184865368 -0.659105473918505;0.0744143752044269 0.996795909802099 -0.0293328308340864 -0.816180143542986;0.00930686195906356 0.0287189145828706 0.999544199255669 1.37194021667333;0 0 0 1]
   Δ = 0.40792 Failed to achieve desired pose
   Actual Pose: [0.999841888277116 -0.0136541773675921 0.0113913075134548 -0.511332896509497;0.013695569764911 0.999899860979291 -0.0035636192851162 -0.964424600829742;-0.0113415085092862 0.0037190662818954 0.99992876682828 1.47405028213085;0 0 0 1]
   Δ = 0.0454690161198448
 
   Actual Pose: [0.999963349215843 0.00623574169085411 0.0058664938932481 -0.905450679237056;-0.00623982623685113 0.999980302109606 0.000678204478037634 -0.954076932692997;-0.00586214922775577 -0.000714785523825111 0.999982561992001 1.47908488653936;0 0 0 1]
   Δ = 0.10717 Failed to achieve desired pose
   Actual Pose: [0.999969162640516 -0.00785117266113839 0.000181261881976395 -0.571757943113815;0.007851228247741 0.999969131193753 -0.00030801722805456 -1.02034140747766;-0.000178837990198418 0.000309430858024583 0.999999936134757 1.50880082793638;0 0 0 1]
   Δ = 0.075103 Failed to achieve desired pose
   Actual Pose: [0.999971015012349 0.00752762113971639 0.00114195234152834 -0.919828805697886;-0.00752798177015225 0.999971615722589 0.000311832684200907 -0.964902698103661;-0.00113957256973064 -0.000320420242143814 0.999999299352368 1.48696015475502;0 0 0 1]
   Δ = 0.088483 Failed to achieve desired pose
   Actual Pose: [0.999970880844399 -0.0076127022541937 -0.000533130064432689 -0.576607361579447;0.00761260239843882 0.999971005846331 -0.000189080407159327 -1.02435548987679;0.000534554019619481 0.00018501639409035 0.999999840010454 1.51132903161797;0 0 0 1]
   Δ = 0.08118 Failed to achieve desired pose
   Actual Pose: [0.997330774380258 0.0680465983405731 -0.0264761577339285 -0.419358034650966;-0.0669035764223666 0.996879428343832 0.0418965011280212 0.182532385519542;0.0292444513706736 -0.0400133202715102 0.998771093026264 1.09818154453039;0 0 0 1]
   Δ = 0.36457 Failed to achieve desired pose
   Actual Pose: [0.999756535040045 0.0218106480759139 0.00334159770649739 -0.0275745999524622;-0.0218664136936904 0.999604636844821 0.0176756881198423 0.413381177774899;-0.00295475834880331 -0.0177444534669902 0.999838188795696 0.793696265881891;0 0 0 1]
   Δ = 0.11702 Failed to achieve desired pose
   Actual Pose: [0.999899924816435 -0.0128391669288775 -0.00594105585396232 -0.359196465243365;0.0128799143440993 0.999893436371305 0.00687195081992379 0.436382543227329;0.0058521926297882 -0.00694778339869658 0.999958739222408 0.762163147621555;0 0 0 1]
   Δ = 0.086544 Failed to achieve desired pose
   Actual Pose: [0.997666328577265 -0.0114159635315339 -0.0673169562577534 0.0819333554365911;0.00560027534197481 0.996283156044586 -0.0859564418640845 -1.44650917664253;0.0680480252414107 0.0853788542818791 0.994022091053442 1.01794853908525;0 0 0 1]
   Δ = 1.7576 Failed to achieve desired pose
   Actual Pose: [0.997776636699399 -0.0276667847113291 0.0606327657341516 -0.180833357604447;0.0233720132388236 0.997242780036336 0.0704314323478075 -0.596322180014082;-0.0624141991376946 -0.0688577278824715 0.995672175495963 0.272676399614834;0 0 0 1]
   Δ = 1.1978 Failed to achieve desired pose
