Initialisation finished
   Target Joint State: [-3.08630518854095 -0.88414159477596 1.54033679424269 -3.73880089145368 -0.0553654007317386 -0.0591507125794866]
   Target Pose: [1 0 0 0.8;0 0 1 1.85;0 -1 0 1.58;0 0 0 1]
   Actual Pose: [-0.160552356146583 -0.851375522324326 0.499382279343953 0.940698520456654;0.0294873572431673 0.501582633510601 0.864607053824675 1.36494684399055;-0.986586760857145 0.153540163304429 -0.0554254594374695 1.54375290842763;0 0 0 1]
   Δ = 0.50635 Failed to achieve desired pose
   Target Joint State: [-2.87619182046655 -0.777472574198551 1.32571245035207 -3.69020546882824 -0.265387173056576 0.000207570795207023]
   Target Pose: [1 0 0 0.8;0 0 1 2.03;0 -1 0 1.58;0 0 0 1]
   Actual Pose: [-0.160552356146583 -0.851375522324326 0.499382279343953 0.940698520456654;0.0294873572431673 0.501582633510601 0.864607053824675 1.36494684399055;-0.986586760857145 0.153540163304429 -0.0554254594374695 1.54375290842763;0 0 0 1]
   Δ = 0.68074 Failed to achieve desired pose
   Target Joint State: [-3.0864432867651 -0.870338595236728 1.51468968468626 -3.79154652161522 -0.0551454327952935 0.00557260599845694]
   Target Pose: [1 0 0 0.8;0 0 1 1.85;0 -1 0 1.58;0 0 0 1]
   Actual Pose: [-0.160552356146583 -0.851375522324326 0.499382279343953 0.940698520456654;0.0294873572431673 0.501582633510601 0.864607053824675 1.36494684399055;-0.986586760857145 0.153540163304429 -0.0554254594374695 1.54375290842763;0 0 0 1]
   Δ = 0.50635 Failed to achieve desired pose
   Actual Pose: [-0.160552356146583 -0.851375522324326 0.499382279343953 0.940698520456654;0.0294873572431673 0.501582633510601 0.864607053824675 1.36494684399055;-0.986586760857145 0.153540163304429 -0.0554254594374695 1.54375290842763;0 0 0 1]
   Δ = 0.5 Failed to achieve desired pose
   Actual Pose: [-0.160552356146583 -0.851375522324326 0.499382279343953 0.940698520456654;0.0294873572431673 0.501582633510601 0.864607053824675 1.36494684399055;-0.986586760857145 0.153540163304429 -0.0554254594374695 1.54375290842763;0 0 0 1]
   Δ = 0.5 Failed to achieve desired pose
   Target Joint State: [-3.0864432867651 -0.870338595236728 1.51468968468626 -3.79154652161522 -0.0551454327952935 0.00557260599845694]
   Target Pose: [1 0 0 0.8;0 0 1 1.85;0 -1 0 1.58;0 0 0 1]
   Actual Pose: [-0.160552356146583 -0.851375522324326 0.499382279343953 0.940698520456654;0.0294873572431673 0.501582633510601 0.864607053824675 1.36494684399055;-0.986586760857145 0.153540163304429 -0.0554254594374695 1.54375290842763;0 0 0 1]
   Δ = 0.50635 Failed to achieve desired pose
   Target Joint State: [-3.0864432867651 -0.870338595236728 1.51468968468626 -3.79154652161522 -0.0551454327952935 0.00557260599845694]
   Target Pose: [1 0 0 0.8;0 0 1 1.85;0 -1 0 1.58;0 0 0 1]
   Actual Pose: [0.716357009894561 -0.65913467190267 0.228853924306932 0.899603138048138;-0.183899163139763 0.138035884019404 0.973204599516195 1.65404143102538;-0.673062948149293 -0.739247982086351 -0.0223313414250107 1.57842701096017;0 0 0 1]
   Δ = 0.21982 Failed to achieve desired pose
   Target Joint State: [-2.8762496517004 -0.777869256070003 1.32632868926809 -3.68983714153237 -0.265327403962628 -0.000242298586761032]
   Target Pose: [1 0 0 0.8;0 0 1 2.03;0 -1 0 1.58;0 0 0 1]
   Actual Pose: [0.716357009894561 -0.65913467190267 0.228853924306932 0.899603138048138;-0.183899163139763 0.138035884019404 0.973204599516195 1.65404143102538;-0.673062948149293 -0.739247982086351 -0.0223313414250107 1.57842701096017;0 0 0 1]
   Δ = 0.38893 Failed to achieve desired pose
   Target Joint State: [-3.08598087571726 -0.866222297265627 1.50732758630443 -3.80903358289055 -0.0555003212444568 0.0263292733525157]
   Target Pose: [1 0 0 0.8;0 0 1 1.85;0 -1 0 1.58;0 0 0 1]
   Actual Pose: [0.716357009894561 -0.65913467190267 0.228853924306932 0.899603138048138;-0.183899163139763 0.138035884019404 0.973204599516195 1.65404143102538;-0.673062948149293 -0.739247982086351 -0.0223313414250107 1.57842701096017;0 0 0 1]
   Δ = 0.21982 Failed to achieve desired pose
   Actual Pose: [0.716357009894561 -0.65913467190267 0.228853924306932 0.899603138048138;-0.183899163139763 0.138035884019404 0.973204599516195 1.65404143102538;-0.673062948149293 -0.739247982086351 -0.0223313414250107 1.57842701096017;0 0 0 1]
   Δ = 0.5 Failed to achieve desired pose
   Actual Pose: [0.716357009894561 -0.65913467190267 0.228853924306932 0.899603138048138;-0.183899163139763 0.138035884019404 0.973204599516195 1.65404143102538;-0.673062948149293 -0.739247982086351 -0.0223313414250107 1.57842701096017;0 0 0 1]
   Δ = 0.5 Failed to achieve desired pose
   Target Joint State: [-3.08598087571726 -0.866222297265627 1.50732758630443 -3.80903358289055 -0.0555003212444568 0.0263292733525157]
   Target Pose: [1 0 0 0.8;0 0 1 1.85;0 -1 0 1.58;0 0 0 1]
   Actual Pose: [0.716357009894561 -0.65913467190267 0.228853924306932 0.899603138048138;-0.183899163139763 0.138035884019404 0.973204599516195 1.65404143102538;-0.673062948149293 -0.739247982086351 -0.0223313414250107 1.57842701096017;0 0 0 1]
   Δ = 0.21982 Failed to achieve desired pose
Initialisation finished
   Target Joint State: [-3.08630518854095 -0.88414159477596 1.54033679424269 -3.73880089145368 -0.0553654007317386 -0.0591507125794866]
   Target Pose: [1 0 0 0.8;0 0 1 1.85;0 -1 0 1.58;0 0 0 1]
   Actual Pose: [0.999999967580827 0.000253985276749066 -1.81610414000491e-05 0.799959744531642;1.89895142355092e-05 -0.00326227123331618 0.999994678598741 1.84987978975935;0.000253924678948568 -0.99999464652461 -0.00326227595061308 1.58014622807852;0 0 0 1]
   Δ = 0.00019352946968737
 
   Target Joint State: [-2.87617040003931 -0.777468569578371 1.32518562651507 -3.68963069516017 -0.265432698727106 0.000349596930988543]
   Target Pose: [1 0 0 0.8;0 0 1 2.03;0 -1 0 1.58;0 0 0 1]
   Actual Pose: [0.999999999151471 -3.98525944447563e-05 1.04321359399861e-05 0.80027154769523;-1.04287801913904e-05 8.42032982130025e-05 0.999999996400523 2.03013622392616;-3.98534727215614e-05 -0.999999995660788 8.4202882527606e-05 1.58015763869669;0 0 0 1]
   Δ = 0.000342264616254513
 
   Target Joint State: [-3.08607883516027 -0.868238082982339 1.51028082055821 -3.79824554381821 -0.0553689570402155 0.0146979574694419]
   Target Pose: [1 0 0 0.8;0 0 1 1.85;0 -1 0 1.58;0 0 0 1]
   Actual Pose: [0.999999982551428 -0.000110313134083643 -0.000150758599668976 0.800256969121212;0.000150847738407189 0.000808490251978004 0.999999661794179 1.85008237082816;-0.000110191209916864 -0.999999667087207 0.000808506878357797 1.58022879972198;0 0 0 1]
   Δ = 0.000353790044186689
 
   Actual Pose: [0.999825291796224 -0.000447257799626705 0.01868651505917 0.803515505618574;-0.0186882432160296 -0.00423515168723608 0.999816389671466 1.40659454122715;-0.00036803545269377 -0.999990931684206 -0.00424277023403177 1.58054080310761;0 0 0 1]
   Δ = 0.056606 Failed to achieve desired pose
   Actual Pose: [0.99999985782166 -0.000171014242764726 -0.000505084932209709 0.787878820284376;0.000505243960599814 0.000931150437841347 0.999999438843544 1.85041724809474;-0.000170543836743205 -0.999999551856395 0.000931236709365256 1.57905326364038;0 0 0 1]
   Δ = 0.0614 Failed to achieve desired pose
   Target Joint State: [-3.08626741902132 -0.868211247525192 1.51092207836176 -3.79962305450497 -0.0552794742493788 0.0152751552856639]
   Target Pose: [1 0 0 0.8;0 0 1 1.85;0 -1 0 1.58;0 0 0 1]
   Actual Pose: [0.99999999841588 2.09732689670904e-05 -5.22337178050512e-05 0.800017409402525;5.22159474467966e-05 0.000846394527042003 0.999999640444835 1.84991476786742;2.10174717589205e-05 -0.999999641588149 0.000846393430562102 1.57995246683598;0 0 0 1]
   Δ = 9.91312534079616e-05
 
Initialisation finished
   Target Joint State: [-3.08630518854095 -0.88414159477596 1.54033679424269 -3.73880089145368 -0.0553654007317386 -0.0591507125794866]
   Target Pose: [1 0 0 0.8;0 0 1 1.85;0 -1 0 1.58;0 0 0 1]
   Actual Pose: [0.999999967580827 0.000253985276749066 -1.81610414000491e-05 0.799959744531642;1.89895142355092e-05 -0.00326227123331618 0.999994678598741 1.84987978975935;0.000253924678948568 -0.99999464652461 -0.00326227595061308 1.58014622807852;0 0 0 1]
   Δ = 0.00019352946968737
 
   Target Joint State: [-2.87617040003931 -0.777468569578371 1.32518562651507 -3.68963069516017 -0.265432698727106 0.000349596930988543]
   Target Pose: [1 0 0 0.8;0 0 1 2.03;0 -1 0 1.58;0 0 0 1]
Initialisation finished
   Target Joint State: [-3.08630518854095 -0.88414159477596 1.54033679424269 -3.73880089145368 -0.0553654007317386 -0.0591507125794866]
   Target Pose: [1 0 0 0.8;0 0 1 1.85;0 -1 0 1.58;0 0 0 1]
   Actual Pose: [0.999999967580827 0.000253985276749066 -1.81610414000491e-05 0.799959744531642;1.89895142355092e-05 -0.00326227123331618 0.999994678598741 1.84987978975935;0.000253924678948568 -0.99999464652461 -0.00326227595061308 1.58014622807852;0 0 0 1]
   Δ = 0.00019352946968737
 
   Target Joint State: [-2.87617040003931 -0.777468569578371 1.32518562651507 -3.68963069516017 -0.265432698727106 0.000349596930988543]
   Target Pose: [1 0 0 0.8;0 0 1 2.03;0 -1 0 1.58;0 0 0 1]
   Actual Pose: [0.999999999151471 -3.98525944447563e-05 1.04321359399861e-05 0.80027154769523;-1.04287801913904e-05 8.42032982130025e-05 0.999999996400523 2.03013622392616;-3.98534727215614e-05 -0.999999995660788 8.4202882527606e-05 1.58015763869669;0 0 0 1]
   Δ = 0.000342264616254513
 
   Target Joint State: [-3.08607883516027 -0.868238082982339 1.51028082055821 -3.79824554381821 -0.0553689570402155 0.0146979574694419]
   Target Pose: [1 0 0 0.8;0 0 1 1.85;0 -1 0 1.58;0 0 0 1]
   Actual Pose: [0.999999982551428 -0.000110313134083643 -0.000150758599668976 0.800256969121212;0.000150847738407189 0.000808490251978004 0.999999661794179 1.85008237082816;-0.000110191209916864 -0.999999667087207 0.000808506878357797 1.58022879972198;0 0 0 1]
   Δ = 0.000353790044186689
 
   Actual Pose: [0.999825291796224 -0.000447257799626705 0.01868651505917 0.803515505618574;-0.0186882432160296 -0.00423515168723608 0.999816389671466 1.40659454122715;-0.00036803545269377 -0.999990931684206 -0.00424277023403177 1.58054080310761;0 0 0 1]
   Δ = 0.056606 Failed to achieve desired pose
   Actual Pose: [0.99999985782166 -0.000171014242764726 -0.000505084932209709 0.787878820284376;0.000505243960599814 0.000931150437841347 0.999999438843544 1.85041724809474;-0.000170543836743205 -0.999999551856395 0.000931236709365256 1.57905326364038;0 0 0 1]
   Δ = 0.0614 Failed to achieve desired pose
   Target Joint State: [-3.08626741902132 -0.868211247525192 1.51092207836176 -3.79962305450497 -0.0552794742493788 0.0152751552856639]
   Target Pose: [1 0 0 0.8;0 0 1 1.85;0 -1 0 1.58;0 0 0 1]
   Actual Pose: [0.99999999841588 2.09732689670904e-05 -5.22337178050512e-05 0.800017409402525;5.22159474467966e-05 0.000846394527042003 0.999999640444835 1.84991476786742;2.10174717589205e-05 -0.999999641588149 0.000846393430562102 1.57995246683598;0 0 0 1]
   Δ = 9.91312534079616e-05
 
   Target Joint State: [-3.08608750439853 -0.409878664225151 1.51225356209759 -4.2387881017767 -0.0554981790827658 -0.00521075318181228]
   Target Pose: [1 0 0 0.8;0 0 1 1.85;0 -1 0 1.2;0 0 0 1]
   Actual Pose: [0.999999999200696 3.92051734612441e-05 -7.8462166366516e-06 0.800418125047814;7.85729961945918e-06 -0.000282699687879415 0.999999960009574 1.8500824974836;3.92029537704183e-05 -0.99999995927192 -0.000282699995700247 1.20146051432335;0 0 0 1]
   Δ = 0.00152142580467464
 
   Target Joint State: [-2.87632774204647 -0.351423149454979 1.31952250100171 -4.10917745025092 -0.265175598036316 -0.000444850229521784]
   Target Pose: [1 0 0 0.8;0 0 1 2.03;0 -1 0 1.2;0 0 0 1]
Initialisation finished
Initialisation finished
Initialisation finished
Initialisation finished
Initialisation finished
Initialisation finished
Initialisation finished
   Target Joint State: [0.813960483531545 -3.43589594277056 1.11684947684146 -0.822455275134049 -0.813976189441805 -7.79081268443637e-05]
   Target Pose: [-1 0 0 0.8;0 0 -1 1.85;0 -1 0 1.58;0 0 0 1]
   Actual Pose: [-0.999999999756796 -1.54853582295003e-05 -1.57038473277971e-05 0.799995000217318;1.57028237791262e-05 6.60957425873611e-05 -0.999999997692387 1.85001740516501;1.54863961512167e-05 -0.999999997695778 -6.60954994074349e-05 1.57996511301323;0 0 0 1]
   Δ = 3.93069897304899e-05
 
   Target Joint State: [0.928689182387515 -3.25340313962263 0.643714344698486 -0.531978661153495 -0.928664938133305 7.61773215525853e-05]
   Target Pose: [-1 0 0 0.8;0 0 -1 2.03;0 -1 0 1.58;0 0 0 1]
   Actual Pose: [-0.999999999213746 3.13792900246852e-05 2.4245595985406e-05 0.800067815123205;-2.42474756564178e-05 -5.99026483303346e-05 -0.999999997911866 2.02993169308973;-3.13778375837512e-05 -0.999999997713506 5.99034091518069e-05 1.57999836214509;0 0 0 1]
   Δ = 9.62673750268978e-05
 
   Target Joint State: [0.813989689356324 -3.43564292665735 1.11622315423774 -0.822020696575948 -0.814020324741688 -8.62188693296589e-05]
   Target Pose: [-1 0 0 0.8;0 0 -1 1.85;0 -1 0 1.58;0 0 0 1]
   Actual Pose: [-0.999999999363989 1.82715708783769e-05 -3.06296046180821e-05 0.800096494361202;3.06316261074512e-05 0.000110645754628175 -0.99999999340961 1.85016782214182;-1.82681817222432e-05 -0.999999993711833 -0.00011064631424573 1.57998452880771;0 0 0 1]
   Δ = 0.000194202962950926
 
   Actual Pose: [-0.999581176757378 0.00111482230908741 0.0289176113044287 0.679632006403829;-0.0289340636600759 -0.0571281059781803 -0.99794749334194 2.20156150441403;0.000539474234359771 -0.998366233743192 0.0571364357392505 1.55385790196953;0 0 0 1]
   Δ = 0.19309 Failed to achieve desired pose
   Actual Pose: [-0.999995726748741 0.00284855868001596 -0.000657417449631825 0.799365546854039;0.00065917109620666 0.000614730820395221 -0.99999959379966 1.85349028475349;-0.0028481533881623 -0.999995753900718 -0.000616605881043685 1.60488855416611;0 0 0 1]
   Δ = 0.18536 Failed to achieve desired pose
   Target Joint State: [0.814045598576052 -3.43564829574799 1.11654114144987 -0.822498400545816 -0.81412544101409 -2.18517505815379e-05]
   Target Pose: [-1 0 0 0.8;0 0 -1 1.85;0 -1 0 1.58;0 0 0 1]
   Actual Pose: [-0.999999996341066 -3.07092693914067e-05 -7.98423964081807e-05 0.799996058672971;7.98426844454788e-05 -9.37837883378359e-06 -0.999999996768596 1.85014706405267;3.07085204999321e-05 -0.999999999484493 9.38083070997429e-06 1.58010693553842;0 0 0 1]
   Δ = 0.000181875174293464
 
Initialisation finished
