Initialisation finished
   Target Joint State: [-3.08630518854095 -0.88414159477596 1.54033679424269 -3.73880089145368 -0.0553654007317386 -0.0591507125794866]
   Target Pose: [1 0 0 0.8;0 0 1 1.85;0 -1 0 1.58;0 0 0 1]
   Actual Pose: [0.999999967580827 0.000253985276749066 -1.81610414000491e-05 0.799959744531642;1.89895142355092e-05 -0.00326227123331618 0.999994678598741 1.84987978975935;0.000253924678948568 -0.99999464652461 -0.00326227595061308 1.58014622807852;0 0 0 1]
   Δ = 0.00019352946968737
 
   Target Joint State: [-2.87617040003931 -0.777468569578371 1.32518562651507 -3.68963069516017 -0.265432698727106 0.000349596930988543]
   Target Pose: [1 0 0 0.8;0 0 1 2.03;0 -1 0 1.58;0 0 0 1]
   Actual Pose: [0.999999999151471 -3.98525944447563e-05 1.04321359399861e-05 0.80027154769523;-1.04287801913904e-05 8.42032982130025e-05 0.999999996400523 2.03013622392616;-3.98534727215614e-05 -0.999999995660788 8.4202882527606e-05 1.58015763869669;0 0 0 1]
   Δ = 0.000342264616254513
 
   Target Joint State: [-3.08607883516027 -0.868238082982339 1.51028082055821 -3.79824554381821 -0.0553689570402155 0.0146979574694419]
   Target Pose: [1 0 0 0.8;0 0 1 1.85;0 -1 0 1.58;0 0 0 1]
   Actual Pose: [0.999999982551428 -0.000110313134083643 -0.000150758599668976 0.800256969121212;0.000150847738407189 0.000808490251978004 0.999999661794179 1.85008237082816;-0.000110191209916864 -0.999999667087207 0.000808506878357797 1.58022879972198;0 0 0 1]
   Δ = 0.000353790044186689
 
   Actual Pose: [0.999825291796224 -0.000447257799626705 0.01868651505917 0.803515505618574;-0.0186882432160296 -0.00423515168723608 0.999816389671466 1.40659454122715;-0.00036803545269377 -0.999990931684206 -0.00424277023403177 1.58054080310761;0 0 0 1]
   Δ = 0.056606 Failed to achieve desired pose
   Actual Pose: [0.99999985782166 -0.000171014242764726 -0.000505084932209709 0.787878820284376;0.000505243960599814 0.000931150437841347 0.999999438843544 1.85041724809474;-0.000170543836743205 -0.999999551856395 0.000931236709365256 1.57905326364038;0 0 0 1]
   Δ = 0.0614 Failed to achieve desired pose
   Target Joint State: [-3.08626741902132 -0.868211247525192 1.51092207836176 -3.79962305450497 -0.0552794742493788 0.0152751552856639]
   Target Pose: [1 0 0 0.8;0 0 1 1.85;0 -1 0 1.58;0 0 0 1]
   Actual Pose: [0.99999999841588 2.09732689670904e-05 -5.22337178050512e-05 0.800017409402525;5.22159474467966e-05 0.000846394527042003 0.999999640444835 1.84991476786742;2.10174717589205e-05 -0.999999641588149 0.000846393430562102 1.57995246683598;0 0 0 1]
   Δ = 9.91312534079616e-05
 
   Target Joint State: [-3.08608750439853 -0.409878664225151 1.51225356209759 -4.2387881017767 -0.0554981790827658 -0.00521075318181228]
   Target Pose: [1 0 0 0.8;0 0 1 1.85;0 -1 0 1.2;0 0 0 1]
   Actual Pose: [0.999999999198796 3.92799993379402e-05 -7.71299540600036e-06 0.800068264022374;7.72428027284584e-06 -0.000287300901205603 0.999999958699263 1.85006364918403;3.92777817651162e-05 -0.999999957957636 -0.000287301204385141 1.19995429879896;0 0 0 1]
   Δ = 0.000103922062886823
 
   Target Joint State: [-2.87623612753069 -0.352272073179554 1.32109148049521 -4.10730969726064 -0.265359099651464 -0.00310359115590946]
   Target Pose: [1 0 0 0.8;0 0 1 2.03;0 -1 0 1.2;0 0 0 1]
   Actual Pose: [0.999999993969581 0.000109813478539859 1.35570512394008e-06 0.7999686686355;-1.26635914675188e-06 -0.000813611746915442 0.999999669017106 2.02999403530876;0.00010981454521109 -0.999999662988406 -0.000813611602945719 1.2001001148674;0 0 0 1]
   Δ = 0.000105072444619175
 
   Target Joint State: [-3.08623712308093 -0.409886655331548 1.51211256522839 -4.23968679563645 -0.0553187365028821 -0.00412387954513168]
   Target Pose: [1 0 0 0.8;0 0 1 1.85;0 -1 0 1.2;0 0 0 1]
   Actual Pose: [0.999999999304435 -1.55953496456564e-06 -3.72652286784664e-05 0.799998658767124;3.72648714349827e-05 -0.000228447029190664 0.999999973211642 1.84993830197912;-1.56804805357196e-06 -0.999999973904761 -0.000228446970915894 1.20000271198389;0 0 0 1]
   Δ = 6.17721583185578e-05
 
   Actual Pose: [0.999825246607426 6.86310195746982e-05 0.0186941578088994 0.803422166096568;-0.0186942414500578 0.00154229540137396 0.999824057852931 1.40652530199143;3.9787030864534e-05 -0.999998808306629 0.00154330888487111 1.19983644481236;0 0 0 1]
   Δ = 0.05669 Failed to achieve desired pose
   Actual Pose: [0.999999915299381 3.3399645913805e-06 -0.000411570256462795 0.787762141524429;0.000411571179823104 -0.000281334044897093 0.999999875730152 1.85025627672939;3.2241754513136e-06 -0.999999960419999 -0.000281335395701093 1.20059254744885;0 0 0 1]
   Δ = 0.061495 Failed to achieve desired pose
   Target Joint State: [-3.08626260735824 -0.409834444996728 1.51193340794162 -4.23993218520124 -0.0552787002092472 -0.00372541690443227]
   Target Pose: [1 0 0 0.8;0 0 1 1.85;0 -1 0 1.2;0 0 0 1]
   Actual Pose: [0.99999999826235 -2.8261287019955e-05 -5.1735861305961e-05 0.800013657949415;5.17299900126367e-05 -0.000207711628182134 0.999999977089944 1.84991852268427;-2.82720325124746e-05 -0.999999978028589 -0.000207710165865109 1.20000452334169;0 0 0 1]
   Δ = 8.27378582074224e-05
 
   Target Joint State: [-3.06868034667286 -1.07400689354955 1.97659262952052 -4.04036193682216 -0.0727876958941926 -0.00381497199665971]
   Target Pose: [1 0 0 0.6;0 0 1 1.85;0 -1 0 1.56;0 0 0 1]
