Initialisation finished
   Target Joint State: [-3.08615186962244 -1.06011446042927 1.1647455014453 -0.105051406081212 0.0554350509525684 0.000424452576355569]
   Target Pose: [-1 0 0 0.8;0 0 1 1.85;0 1 0 1.58;0 0 0 1]
   Actual Pose: [-0.999999999972336 4.73337970732736e-06 -5.73790263183602e-06 0.799973297985968;-5.73801287547948e-06 -2.32909976221283e-05 0.999999999712302 1.85000599324293;4.73324606448902e-06 0.999999999717562 2.32910247816777e-05 1.5801231445517;0 0 0 1]
   Δ = 0.000126148710372138
 
   Actual Pose: [-0.999984258375108 -0.000988719841519652 -0.00552317255398779 0.782109872693561;-0.00551420470924396 -0.0088540517389213 0.999945598177336 2.0068390868886;-0.00103756850891417 0.999960313312923 0.00884846035815382 1.57415688439715;0 0 0 1]
   Δ = 0.0298566059005606
 
   Actual Pose: [-0.99999965739014 0.000704060874150783 -0.000435336523444948 0.792992104926466;-0.000435406723860843 -9.95576755319439e-05 0.999999900254622 1.85331694914108;0.000704017462831617 0.999999747193245 9.98641942611152e-05 1.58005383245692;0 0 0 1]
   Δ = 0.0292305944147756
 
   Actual Pose: [0.990941494285576 -0.0516189243258434 -0.123977584887398 0.485135396242415;-0.125421066932377 -0.0257206681430329 -0.991770136271414 1.26143973097457;0.0480053212947621 0.998335581796882 -0.0319617778865294 1.16999949164996;0 0 0 1]
   Δ = 0.3949 Failed to achieve desired pose
   Actual Pose: [0.997152702146063 0.00832992640614212 -0.0749473210253228 0.125875542119611;-0.074890343263747 -0.00695404054057117 -0.997167527452633 0.670313663998227;-0.00882751882709244 0.999941125089987 -0.00631040926794608 0.960047140316537;0 0 0 1]
   Δ = 0.25165 Failed to achieve desired pose
   Target Joint State: [-4.81505855990331 -0.635919980395326 2.0126951148581 -1.37046400012134 -4.73996357145467 1.561795421408]
   Target Pose: [0.00832992640614212 -0.997152702146063 -0.0749473210253228 0.125875542119611;-0.00695404054057117 0.074890343263747 -0.997167527452633 0.670313663998227;0.999941125089987 0.00882751882709244 -0.00631040926794608 0.960047140316537;0 0 0 1]
   Actual Pose: [0.00832862315165332 -0.997147068054218 -0.0750223880403298 0.125991232382402;-0.00695288818359265 0.0749654297909128 -0.997161893416596 0.670148407338405;0.999941143959135 0.00882660790676642 -0.006308693252648 0.960106445704416;0 0 0 1]
   Δ = 0.00021026442768969
 
   Target Joint State: [-4.81476719250848 -0.635797567935874 2.01247399135848 -1.37022828795129 -4.73972326302923 -0.00906772362461083]
   Target Pose: [0.997147068054218 0.00832862315165332 -0.0750223880403298 0.125991232382402;-0.0749654297909128 -0.00695288818359265 -0.997161893416596 0.670148407338405;-0.00882660790676642 0.999941143959135 -0.006308693252648 0.960106445704416;0 0 0 1]
   Actual Pose: [0.997150447114411 0.00838311398403605 -0.0749713893392716 0.126174000269051;-0.0749128335405719 -0.00709389931372147 -0.997164852952334 0.670115172035443;-0.00889118611055656 0.999939698178074 -0.00644568205002424 0.960032299320513;0 0 0 1]
   Δ = 0.00020001592936329
 
   Actual Pose: [0.999997171062266 0.000516385067803079 0.00232189877613163 0.221205857843162;0.00233374173812078 -0.0242568645999112 -0.999703034990532 0.9379760593319;-0.000459909735279205 0.99970562560498 -0.0242580010881373 1.02877552983197;0 0 0 1]
   Δ = 0.063256 Failed to achieve desired pose
   Target Joint State: [-4.77434914146562 -0.7884023714622 2.32832377894586 -1.74656090136617 -6.28318530717959 0.230909229729508]
   Target Pose: [-0.00232189877613163 0.000516385067803079 0.999997171062266 0.221205857843162;0.999703034990532 -0.0242568645999112 0.00233374173812078 0.9379760593319;0.0242580010881373 0.99970562560498 -0.000459909735279205 1.02877552983197;0 0 0 1]
   Actual Pose: [0.0619022885572554 -0.00150264723299201 0.998081083240569 0.323824826072888;0.997787152769781 -0.0242207863258175 -0.0619205238780529 0.93164897835498;0.0242673533568811 0.999705504416702 1.11484998841372e-16 1.02870718174575;0 0 0 1]
   Δ = 0.10281 Failed to achieve desired pose
   Target Joint State: [-3.22287675725083 -0.210574848413468 0.318127367550028 -1.45496417166872 -6.28318530717959 1.34720289285603]
   Target Pose: [-1 0 0 1.3;0 0 1 1.65;0 1 0 1.28;0 0 0 1]
   Actual Pose: [-0.996698244037245 -0.000208070405654709 0.0811946244512496 1.30368601767025;0.0811946226819942 1.69501633811368e-05 0.9966982657556 1.70027404176711;-0.000208759674621231 0.999999978209699 3.00075994996091e-16 1.28008728569286;0 0 0 1]
   Δ = 0.050409 Failed to achieve desired pose
   Target Joint State: [-3.0856733989098 -1.06228677956863 1.1679592524781 -0.11459762635965 -6.22708718975348 0.00891234334064856]
   Target Pose: [-1 0 0 0.8;0 0 1 1.85;0 1 0 1.58;0 0 0 1]
   Actual Pose: [-0.999999984399727 1.14079767085315e-06 0.000176633080157564 0.799975427724772;0.000176632487169244 -0.000500415304334652 0.999999859192734 1.85039383768361;1.22918740678316e-06 0.999999874791603 0.000500415095026107 1.58035645889206;0 0 0 1]
   Δ = 0.000531765793810175
 
   Actual Pose: [-0.99998498010173 -0.000890737108982076 -0.00540797174044621 0.782101076250531;-0.00539834536540612 -0.0104765589400937 0.999930547378212 2.00712842708193;-0.000947332179639679 0.999944722622294 0.0104715930767002 1.57435421778094;0 0 0 1]
   Δ = 0.0299837373819668
 
   Actual Pose: [-0.999999693325043 0.0007431037429697 -0.000247278482735181 0.793034518904563;-0.000247738540670962 -0.000619074979003199 0.999999777685868 1.8537442335159;0.000742950493845729 0.999999532271389 0.000619258884585257 1.5800742911238;0 0 0 1]
   Δ = 0.0294070230926476
 
   Target Joint State: [-3.09715949448692 -0.531138153114262 0.93849553328847 -0.396315684027751 -6.23873592803496 -0.0110492572546338]
   Target Pose: [-1 0 0 1;0 0 1 1.85;0 1 0 1.2;0 0 0 1]
   Actual Pose: [-0.999999999738307 -1.84595976644407e-05 1.35140217609804e-05 1.00004218975415;1.35049633926297e-05 0.000490625219249274 0.999999879552248 1.84996276938999;-1.84662257609131e-05 0.999999879473061 -0.00049062496982469 1.20002602443395;0 0 0 1]
   Δ = 6.19948775240226e-05
 
   Actual Pose: [-0.999991289151365 -0.00168574498921239 -0.00381836158885956 0.978966993985668;-0.00380412215534125 -0.00837087440826377 0.999957727664659 2.01214501373327;-0.00171763675414059 0.999963542698169 0.00836438871098214 1.20000296868511;0 0 0 1]
   Δ = 0.0275996796524789
 
   Actual Pose: [-0.999999614481096 0.00069410641812462 -0.000537823334322952 0.995270804800163;-0.000537447417095549 0.000541657362502587 0.999999708878745 1.85269620390543;0.00069439753202425 0.999999612411716 -0.000541284107981824 1.19980791210403;0 0 0 1]
   Δ = 0.0258385656619562
 
   Actual Pose: [0.991360817838723 -0.044678962529318 -0.123318770515445 0.562481833175263;-0.124841031164864 -0.033043833888931 -0.991626351999388 1.23097358859392;0.0402299116557654 0.998454753781675 -0.0383361299421939 1.06862486032022;0 0 0 1]
   Δ = 0.40775 Failed to achieve desired pose
   Actual Pose: [0.997068359497464 0.0141691718876292 -0.0751925598517164 0.134105983018643;-0.0751967848326487 -0.000235102619397362 -0.997168685969225 0.657517094414171;-0.0141467324802397 0.999899584605763 0.000831062786654787 0.941670771753215;0 0 0 1]
   Δ = 0.23579 Failed to achieve desired pose
   Target Joint State: [-4.79971244466843 -0.598443646984742 1.97544422274025 -1.37785868424749 -4.72458209023996 1.5569140334835]
   Target Pose: [0.0141691718876292 -0.997068359497464 -0.0751925598517164 0.134105983018643;-0.000235102619397362 0.0751967848326487 -0.997168685969225 0.657517094414171;0.999899584605763 0.0141467324802397 0.000831062786654787 0.941670771753215;0 0 0 1]
   Actual Pose: [0.0139175178999836 -0.997081917276518 -0.0750596625071457 0.134280679319586;-0.000187210899585828 0.0750643332635402 -0.997178675475854 0.657541406719076;0.999903129131809 0.0138923040523577 0.000858044599151553 0.941720152304839;0 0 0 1]
   Δ = 0.000183162017382585
 
   Target Joint State: [-4.79973397731184 -0.598281651175372 1.97581929843475 -1.37843578673539 -4.72461195175503 -0.0138858662417295]
   Target Pose: [0.997081917276518 0.0139175178999836 -0.0750596625071457 0.134280679319586;-0.0750643332635402 -0.000187210899585828 -0.997178675475854 0.657541406719076;-0.0138923040523577 0.999903129131809 0.000858044599151553 0.941720152304839;0 0 0 1]
   Actual Pose: [0.997082443828694 0.0139245992128704 -0.0750513540541391 0.134285742005183;-0.075056582160358 -0.000147490873146642 -0.997179265589116 0.657738378057676;-0.0138963910064532 0.999903037190708 0.000898072264631386 0.941589044045329;0 0 0 1]
   Δ = 0.000236670054563043
 
   Actual Pose: [0.999997935962398 0.00115415486878171 0.00167212364434766 0.223896548959257;0.00169926020464076 -0.0239258504543089 -0.999712291709367 0.936093410323452;-0.00111381582860151 0.999713069638772 -0.0239277622798924 1.02389242038947;0 0 0 1]
   Δ = 0.064315 Failed to achieve desired pose
   Target Joint State: [-4.77367417812506 -0.777793320905305 2.32327019849172 -1.75155518658005 -6.28318530717959 0.229999240960646]
   Target Pose: [-0.00167212364434766 0.00115415486878171 0.999997935962398 0.223896548959257;0.999712291709367 -0.0239258504543089 0.00169926020464076 0.936093410323452;0.0239277622798924 0.999713069638772 -0.00111381582860151 1.02389242038947;0 0 0 1]
   Actual Pose: [0.0612293194600971 -0.00146494181445176 0.9981226499704 0.324059298942561;0.997837095214325 -0.0238737470492796 -0.0612468416823786 0.929988307689903;0.0239186507289335 0.99971390814938 6.56575054202168e-16 1.02382069073784;0 0 0 1]
   Δ = 0.10035 Failed to achieve desired pose
   Target Joint State: [3.04093262250551 0.224608370627731 6.28318530717959 -1.57075926206712 -6.28318530717959 1.34607866053985]
   Target Pose: [-1 0 0 1.5;0 0 1 1.65;0 1 0 0.9;0 0 0 1]
   Actual Pose: [-0.994938052796814 -7.18652706757089e-05 0.100490128531451 1.29663342928514;0.100490128269308 7.25849237317826e-06 0.99493805539226 1.67614587794036;-7.22308994878535e-05 0.999999997391349 3.00007396850002e-16 0.946752280787405;0 0 0 1]
   Δ = 0.2103 Failed to achieve desired pose
   Target Joint State: [3.16721508290023 0.623689468660223 4.8238593592969 -0.488843345085197 -6.2773099888964 1.32452339678274]
   Target Pose: [-1 0 0 1;0 0 1 1.85;0 1 0 1.2;0 0 0 1]
   Actual Pose: [-0.999707432975446 0.000185459008102129 -0.0241870638689576 1.00018492554625;-0.0241877279382665 -0.0056951320758688 0.999691211968887 1.83104677385888;4.76532173189775e-05 0.999983765406016 0.00569795170005459 1.19991305799199;0 0 0 1]
   Δ = 0.0189543276727692
 
   Actual Pose: [-0.994245462263836 0.00303776668880207 -0.107082831216379 0.989099403079015;-0.107125776620047 -0.0266115637020633 0.993889275855657 1.92175980542777;0.00016956215023997 0.999641233968905 0.0267838495702498 1.20005364561696;0 0 0 1]
   Δ = 0.089489 Failed to achieve desired pose
   Actual Pose: [-0.99972085134803 0.000701979678257442 -0.0236162360358726 1.00721708167402;-0.0236193929155757 -0.0048928923026475 0.999709049615544 1.83044737937757;0.000586223737482745 0.9999877833401 0.0049081067921965 1.19653281131532;0 0 0 1]
   Δ = 0.087605 Failed to achieve desired pose
   Actual Pose: [0.919841029655823 0.0768002444885781 -0.384700146358447 -0.428182925734188;-0.129473772412201 0.985133336211102 -0.11291081499545 -0.339728011466501;0.370309360425941 0.153668579521247 0.916109679704812 1.19231876408059;0 0 0 1]
   Δ = 1.0543 Failed to achieve desired pose
   Actual Pose: [-0.00349273478825519 -0.963207582346127 0.268735844491626 -0.523675435455364;0.998396939352867 -0.0185405018943769 -0.0534771098726621 -0.929054276454137;0.056492055145189 0.268118263272819 0.961728259231806 1.43699999299212;0 0 0 1]
   Δ = 0.48568 Failed to achieve desired pose
   Actual Pose: [0.138139978287547 0.940958950232059 -0.309052746916925 -0.529735765642139;-0.970876831406168 0.0669816168034859 -0.230025305671158 -0.807213058633977;-0.195743517485087 0.331827842395077 0.922808083175474 1.41344211694945;0 0 0 1]
   Δ = 0.21341 Failed to achieve desired pose
   Actual Pose: [0.114242272195395 -0.900280568117663 0.420051903832576 -0.804026980840793;0.993416730663716 0.0999151865621795 -0.0560370835399064 -1.10804173540968;0.00847953306773325 0.42368839276523 0.905768316599212 1.50825874242583;0 0 0 1]
   Δ = 0.22393 Failed to achieve desired pose
   Actual Pose: [0.152309228291192 0.90048545866306 -0.407342408440025 -0.578306061603506;-0.932721325820291 -0.00534010948872313 -0.360558471805458 -0.899228171258978;-0.32685291391906 0.434853333857551 0.839088642930884 1.41847201484266;0 0 0 1]
   Δ = 0.15144 Failed to achieve desired pose
   Actual Pose: [0.148276358217934 -0.757096673563052 0.636253682483165 -0.789137951015838;0.988888593422139 0.106577821174416 -0.103636469610354 -1.13268125158399;0.0106522952085632 0.64455084742282 0.764487235794892 1.50424897319493;0 0 0 1]
   Δ = 0.24917 Failed to achieve desired pose
   Actual Pose: [0.210648175792296 0.768141372670011 -0.604637228119481 -0.542576992535206;-0.86588468753886 -0.140468394016852 -0.480117004664547 -0.841759378246003;-0.453730155401983 0.624681888544047 0.635532441503921 1.34962502634358;0 0 0 1]
   Δ = 0.22241 Failed to achieve desired pose
   Actual Pose: [0.815749138293638 -0.201627716253081 -0.542125084654598 -0.699297583622046;-0.329468944167924 0.608378552964077 -0.722028912940617 -0.261160500402048;0.475398315312603 0.767607842802497 0.429854209547884 1.2340589761603;0 0 0 1]
   Δ = 0.87611 Failed to achieve desired pose
   Actual Pose: [0.967617387459909 -0.187784728145095 0.168681615360815 -0.0626891254803385;0.218401968869993 0.95787658803548 -0.186475258646336 0.181865340327881;-0.126558964435442 0.217277099504252 0.967870595974507 0.79134130433104;0 0 0 1]
   Δ = 0.33201 Failed to achieve desired pose
   Actual Pose: [0.99997102514141 -0.00720095257642736 -0.00246883770812784 -0.358217889534877;0.00717398670274231 0.999916345653503 -0.0107626952820239 0.388362076023205;0.00254613283744315 0.0107446720255607 0.999939032756816 0.786972270411124;0 0 0 1]
   Δ = 0.13673 Failed to achieve desired pose
   Actual Pose: [0.999292228861472 -0.0160430084787733 -0.0340244502677491 0.285893994062133;0.0129079780418597 0.995818489206223 -0.0904373852889683 -1.44576172080044;0.0353330644006913 0.0899341894608744 0.99532076042152 1.37688701581848;0 0 0 1]
   Δ = 1.9704 Failed to achieve desired pose
   Actual Pose: [0.99512985695213 -0.00082058860169855 -0.0985692367667527 -0.299525566433479;0.017254146956724 0.985977284625052 0.165985206016096 -0.495583377676983;0.0970508228467393 -0.166877562415553 0.981189592763302 1.22174581191152;0 0 0 1]
   Δ = 1.1544 Failed to achieve desired pose
