Initialisation finished
   Target Joint State: [-3.08611374125643 -0.809900477520474 1.54663382818547 -0.737630860443983 0.0554641504452423 3.14247566351962]
   Target Pose: [1 0 0 0.8;0 0 1 1.85;0 -1 0 1.2;0 0 0 1]
   Actual Pose: [0.99999999980466 1.31189760873868e-05 -1.47841811575441e-05 0.800075634656371;1.4783528415229e-05 4.97542860010581e-05 0.999999998652979 1.85004277580098;1.31197116460929e-05 -0.999999998676202 4.97540920465834e-05 1.19991303106912;0 0 0 1]
   Δ = 0.000122938868277641
 
   Target Joint State: [-2.87626046333567 -0.722646625393831 1.35638155951255 -0.633791911562174 0.265308026215604 3.14167980008306]
   Target Pose: [1 0 0 0.8;0 0 1 2.03;0 -1 0 1.2;0 0 0 1]
   Actual Pose: [0.999999999190812 -3.21629501163083e-05 -2.41644492440796e-05 0.800052056402358;2.41649297387826e-05 1.49390804984378e-05 0.99999999959644 2.0299955330394;-3.21625891086762e-05 -0.999999999371184 1.49398577017791e-05 1.20002606620667;0 0 0 1]
   Δ = 5.83889535228725e-05
 
   Target Joint State: [-3.08639481423878 -0.794930968931453 1.51315906123712 -0.639625691931766 0.0548127489856038 3.06308468429659]
   Target Pose: [1 0 0 0.8;0 0 1 1.85;0 -1 0 1.2;0 0 0 1]
   Actual Pose: [0.999999846223842 2.55159881103612e-05 -0.000553986665940474 0.800464135520078;0.000554091305098742 -0.00430181021418456 0.999990593661614 1.84983868316958;2.31326026002779e-05 -0.999990746846097 -0.00430182369085586 1.2000678574727;0 0 0 1]
   Δ = 0.000496033806686607
 
   Target Joint State: [-4.08072630689274 -0.386581050236105 0.611102909753251 -0.229854129879353 -0.939655302467984 3.14473706277809]
   Target Pose: [0.999999846223842 2.55159881103612e-05 -0.000553986665940474 0.801018122186019;0.000554091305098742 -0.00430181021418456 0.999990593661614 0.849848089507965;2.31326026002779e-05 -0.999990746846097 -0.00430182369085586 1.20436968116355;0 0 0 1]
   Actual Pose: [0.999999867444674 4.22012647910507e-06 -0.000514871659561378 0.800984446283289;0.000514885056144961 -0.00430501182319824 0.999990600839118 0.849843742973624;2.00355823161592e-06 -0.999990733384761 -0.00430501342542605 1.20435838443431;0 0 0 1]
   Δ = 3.57851208885103e-05
 
   Target Joint State: [-3.08662225612217 -0.79538973723838 1.51484874502307 -0.644844563406912 0.0545344716605419 3.06707138358676]
   Target Pose: [0.999999867444674 4.22012647910507e-06 -0.000514871659561378 0.800469574623727;0.000514885056144961 -0.00430501182319824 0.999990600839118 1.84983434381274;2.00355823161592e-06 -0.999990733384761 -0.00430501342542605 1.20005337100888;0 0 0 1]
   Actual Pose: [0.999999827311651 1.97264038122313e-05 -0.000587356397158912 0.800531268600546;0.000587431702080431 -0.00406325911197936 0.99999157238918 1.84965765486516;1.73396563330418e-05 -0.999991744734054 -0.00406326999821682 1.19979405945969;0 0 0 1]
   Δ = 0.000319793074533362
 
   Target Joint State: [-3.08662225612217 -0.79538973723838 1.51484874502307 -0.644844563406912 0.0545344716605415 3.06707138358676]
   Target Pose: [1 0 0 0.8;0 0 1 1.85;0 -1 0 1.2;0 0 0 1]
   Actual Pose: [0.999999827311651 1.97264038122313e-05 -0.000587356397158912 0.800531268600546;0.000587431702080431 -0.00406325911197936 0.99999157238918 1.84965765486516;1.73396563330418e-05 -0.999991744734054 -0.00406326999821682 1.19979405945969;0 0 0 1]
   Δ = 0.000664724020491537
 
