Initialisation finished
   Target Joint State: [-3.06819581783973 -1.01567919489454 1.99579492540666 -0.981363695058657 0.0733641762760389 0.00125525852803727]
   Target Pose: [-1 0 0 0.6;0 0 1 1.85;0 1 0 1.2;0 0 0 1]
   Actual Pose: [-0.999999999408066 1.06539258860814e-05 -3.27163983537131e-05 0.600044677324521;-3.27173727696309e-05 -9.14734105724948e-05 0.999999995281094 1.84996362792103;1.06509331552674e-05 0.999999995759554 9.14737590868132e-05 1.20000750486968;0 0 0 1]
   Δ = 5.80974571233975e-05
 
   Actual Pose: [-0.999970023921716 -0.00117567070445094 -0.00765304229688057 0.590481554288436;-0.00763976372266261 -0.0109117349753446 0.999911280089434 1.99596728531501;-0.00125907436834985 0.999939774105532 0.0109024260379251 1.19944678624444;0 0 0 1]
   Δ = 0.0353189059489808
 
   Actual Pose: [-0.999999974092841 0.00021586741287493 -7.22189566102065e-05 0.598859962608288;-7.22541610102259e-05 -0.000163080089309288 0.99999998409211 1.8507960040492;0.000215855631967041 0.999999963403072 0.000163095682403153 1.19863541584657;0 0 0 1]
   Δ = 0.0355283620173156
 
   Actual Pose: [0.991983369443745 0.00157962726380331 -0.126358614762672 0.391983392790541;-0.126181216178814 -0.0420357029035112 -0.991116189134777 1.32204091537474;-0.00687716734341705 0.999114860493585 -0.0414993989139053 1.07048080491422;0 0 0 1]
   Δ = 0.364 Failed to achieve desired pose
   Actual Pose: [0.997792115494913 -0.000484744724622072 -0.0664127945409453 0.206352137733156;-0.0664078956574566 0.00688763249613608 -0.997768786800302 0.630960992837203;0.000941090077633435 0.999976162486461 0.00684023452197793 0.93034609246459;0 0 0 1]
   Δ = 0.23092 Failed to achieve desired pose
   Target Joint State: [-4.68880502490473 -0.561231058245491 1.87219949695519 -1.31808949670827 -4.62218247206771 1.57100745181536]
   Target Pose: [-0.000484744724622072 -0.997792115494913 -0.0664127945409453 0.206352137733156;0.00688763249613608 0.0664078956574566 -0.997768786800302 0.630960992837203;0.999976162486461 -0.000941090077633435 0.00684023452197793 0.93034609246459;0 0 0 1]
   Actual Pose: [-0.000378582358678167 -0.997781426921521 -0.0665738744993165 0.206467452111278;0.00713307219036821 0.0665694911204261 -0.997756293958146 0.631145793523262;0.999974487652822 -0.000852609183948799 0.00709204491347544 0.930335185219278;0 0 0 1]
   Δ = 0.000218100131522048
 
   Target Joint State: [-4.6886561936603 -0.56117034358986 1.87251468305902 -1.31839254223965 -4.62197551454 0.000218440723603741]
   Target Pose: [0.997781426921521 -0.000378582358678167 -0.0665738744993165 0.206467452111278;-0.0665694911204261 0.00713307219036821 -0.997756293958146 0.631145793523262;0.000852609183948799 0.999974487652822 0.00709204491347544 0.930335185219278;0 0 0 1]
   Actual Pose: [0.997777553570728 -0.000385211664362863 -0.0666318632666659 0.206553330468269;-0.0666274934424535 0.00706071391759956 -0.997752937072374 0.631352544933378;0.000854814593835123 0.99997499865294 0.00701935617152398 0.930242533966774;0 0 0 1]
   Δ = 0.000242292163254752
 
   Actual Pose: [0.999997497777022 0.000388639165628374 -0.00220304318919068 0.249387010624714;-0.00219272016455356 -0.02481664340325 -0.99968961492479 0.927533150791504;-0.000443190675059825 0.99969194413569 -0.0248157291295394 1.01691148850587;0 0 0 1]
   Δ = 0.075079 Failed to achieve desired pose
   Target Joint State: [-4.76474193207108 -0.763740704801581 2.29434280872 -1.70906090034395 -6.28318530717959 0.203454878436854]
   Target Pose: [0.00220304318919068 0.000388639165628374 0.999997497777022 0.249387010624714;0.99968961492479 -0.02481664340325 -0.00219272016455356 0.927533150791504;0.0248157291295394 0.99969194413569 -0.000443190675059825 1.01691148850587;0 0 0 1]
   Actual Pose: [0.0523126930113282 -0.00130788476668612 0.998629897202832 0.328198969943469;0.998317939411024 -0.0249592355144536 -0.0523290398599133 0.923510378615152;0.0249934791501482 0.999687614207544 1.04710499610975e-16 1.01680380601223;0 0 0 1]
   Δ = 0.078915 Failed to achieve desired pose
   Target Joint State: [-3.22665426946682 -0.226620885984683 1.03730653405858 -1.5814347984208 -6.28318530717959 0.77055108671165]
   Target Pose: [-1 0 0 1.1;0 0 1 1.65;0 1 0 0.9;0 0 0 1]
   Actual Pose: [-0.996384422022021 -0.00019734752331635 0.0849590760648748 1.10502850057964;0.0849590743984364 1.68273033429446e-05 0.996384441565705 1.71236640061803;-0.000198063633958616 0.999999980385398 2.31867979100885e-16 0.900083493892716;0 0 0 1]
   Δ = 0.062569 Failed to achieve desired pose
   Target Joint State: [-3.06799134273803 -1.01609401772658 1.99645279357758 -0.983699735051938 -6.20956285839945 0.00334888009281164]
   Target Pose: [-1 0 0 0.6;0 0 1 1.85;0 1 0 1.2;0 0 0 1]
   Actual Pose: [-0.99999999964124 1.69660838279045e-05 2.07285240534513e-05 0.600009793678117;2.07243540603954e-05 -0.000245747348988013 0.99999996958937 1.85008683862876;1.69711772917897e-05 0.999999969660196 0.00024574699728872 1.20010312693091;0 0 0 1]
   Δ = 0.000135174063541734
 
   Actual Pose: [-0.999970336000415 -0.00114345528521096 -0.00761706171881721 0.590432512330814;-0.00760359126484122 -0.0113556450728751 0.999906613001862 1.9960440741505;-0.00122984515073144 0.999934868796458 0.011346613852406 1.19953639065049;0 0 0 1]
   Δ = 0.0353705884322888
 
   Actual Pose: [-0.999999974316927 0.00022591119785657 -1.81734986600815e-05 0.598828233973029;-1.82454841177834e-05 -0.000318646952611632 0.99999994906561 1.85092110895125;0.000225905395419955 0.999999923714122 0.000318651066286972 1.19868305343157;0 0 0 1]
   Δ = 0.0355808215150371
 
   Target Joint State: [-3.08620068457786 -1.06014891464075 1.16508568767786 -0.105780510708789 -6.2278054020927 0.000841932052596811]
   Target Pose: [-1 0 0 0.8;0 0 1 1.85;0 1 0 1.58;0 0 0 1]
   Actual Pose: [-0.999999999926863 -5.11542182859395e-07 -1.20835970410307e-05 0.8000164516854;-1.20835731376927e-05 -4.67022321657596e-05 0.999999998836444 1.84996872421337;-5.12106513218595e-07 0.99999999890932 4.67022259810866e-05 1.57998437387195;0 0 0 1]
   Δ = 3.8639470229358e-05
 
   Actual Pose: [-0.999984936836703 -0.00125550172074226 -0.00534320270291494 0.785228749552798;-0.00533195353004628 -0.00879863696356531 0.999947075729079 2.00575005057937;-0.00130244817503474 0.999960503071503 0.00879181015142805 1.57342980120816;0 0 0 1]
   Δ = 0.0291243651919063
 
   Actual Pose: [-0.999999980371794 0.000173632577865214 -9.54365685790978e-05 0.799163657782037;-9.54422880727872e-05 -3.29322229022778e-05 0.999999994903119 1.85067594724553;0.00017362943404188 0.999999984383598 3.29487941463928e-05 1.57880962878057;0 0 0 1]
   Δ = 0.0289413548555143
 
   Actual Pose: [0.989774091407226 0.00252068484552224 -0.142621506537094 0.453440667764273;-0.142071653489993 -0.0720400808770734 -0.98723141766348 1.29893385995478;-0.0127629641392701 0.997398552683497 -0.0709452877310778 1.13806573266017;0 0 0 1]
   Δ = 0.39144 Failed to achieve desired pose
   Actual Pose: [0.997366980250183 -0.00565246244272955 -0.0722990758928875 0.212462372699368;-0.072399612359209 -0.0202602131164169 -0.997169905229151 0.614536807179795;0.00417167075261806 0.999778762243333 -0.0206161036648745 0.953448876024438;0 0 0 1]
   Δ = 0.22523 Failed to achieve desired pose
   Target Joint State: [-4.67931652716178 -0.5929650712076 1.83289036477799 -1.21920313739084 -4.60697072448247 1.57715241280504]
   Target Pose: [-0.00565246244272955 -0.997366980250183 -0.0722990758928875 0.212462372699368;-0.0202602131164169 0.072399612359209 -0.997169905229151 0.614536807179795;0.999778762243333 -0.00417167075261806 -0.0206161036648745 0.953448876024438;0 0 0 1]
   Actual Pose: [-0.00565426748773702 -0.997367644530749 -0.0722897703853282 0.2125050063857;-0.0202496353521363 0.0723903017424518 -0.997170796043357 0.614568714450169;0.999778966335701 -0.00417442892179624 -0.0206056452433366 0.953445423727611;0 0 0 1]
   Δ = 5.33631283412463e-05
 
   Target Joint State: [-4.67919670780514 -0.592954302406139 1.83345610486268 -1.21986536081485 -4.60666356389963 0.00619440747132808]
   Target Pose: [0.997367644530749 -0.00565426748773702 -0.0722897703853282 0.2125050063857;-0.0723903017424518 -0.0202496353521363 -0.997170796043357 0.614568714450169;0.00417442892179624 0.999778966335701 -0.0206056452433366 0.953445423727611;0 0 0 1]
   Actual Pose: [0.997354985974574 -0.00549329303731994 -0.0724765871386265 0.212549309177262;-0.0725734636147954 -0.0201744512682281 -0.997159006324958 0.614854374816409;0.00401551125123006 0.999781383727279 -0.0205197568640377 0.953358447121134;0 0 0 1]
   Δ = 0.000301876650728093
 
   Actual Pose: [0.999994554222802 -0.000889714104364974 -0.00317803926226648 0.253164106278144;-0.00320279185808963 -0.029359372844669 -0.999563789535456 0.921392982801625;0.000796020762146319 0.999568524732037 -0.0293620625291553 1.02394447546202;0 0 0 1]
   Δ = 0.082044 Failed to achieve desired pose
   Target Joint State: [-4.76415324818224 -0.775784926744042 2.29531917542237 -1.73569478408754 -6.28318530717959 0.245755259634923]
   Target Pose: [0.00317803926226648 -0.000889714104364974 0.999994554222802 0.253164106278144;0.999563789535456 -0.029359372844669 -0.00320279185808963 0.921392982801625;0.0293620625291553 0.999568524732037 0.000796020762146319 1.02394447546202;0 0 0 1]
   Actual Pose: [0.0517184964637505 -0.00153104165275266 0.998660529426785 0.32819227061067;0.998223224081037 -0.0295507688605025 -0.0517411534951961 0.917593367806774;0.0295904043363605 0.999562108110952 1.13765058493779e-16 1.0237450861039;0 0 0 1]
   Δ = 0.075125 Failed to achieve desired pose
   Target Joint State: [-3.22290235555876 -0.209741734088993 0.315391136187747 -1.44954222759655 -6.28318530717959 1.34369689544985]
   Target Pose: [-1 0 0 1.3;0 0 1 1.65;0 1 0 1.28;0 0 0 1]
   Actual Pose: [-0.996696167853169 -0.000195282730460128 0.0812201382137604 1.30377969856956;0.0812201366547973 1.59134654727902e-05 0.996696186984047 1.7002335575664;-0.000195930046698603 0.999999980805708 2.99883586689959e-16 1.27997502497302;0 0 0 1]
   Δ = 0.050376 Failed to achieve desired pose
   Target Joint State: [-3.08572679178173 -1.06197224301298 1.16749141323443 -0.113183552226078 -6.22716029667806 0.00765450365036908]
   Target Pose: [-1 0 0 0.8;0 0 1 1.85;0 1 0 1.58;0 0 0 1]
   Actual Pose: [-0.999999987593675 2.07892114808053e-06 0.000157506595732035 0.799967940633403;0.000157505689019442 -0.000429168616475515 0.999999895503123 1.8503501429815;2.14651781861585e-06 0.999999907904984 0.000429168283709202 1.58032301017466;0 0 0 1]
   Δ = 0.000477455216128825
 
   Actual Pose: [-0.999985633670191 -0.0011857428755558 -0.00522747233945506 0.785167431830951;-0.00521526302995233 -0.0100761817871829 0.999935633724551 2.00603848583005;-0.00123833951528308 0.999948530962682 0.0100698530684502 1.57374194878388;0 0 0 1]
   Δ = 0.0292452382776859
 
   Actual Pose: [-0.99999997973412 0.000187458107164207 7.34249142985148e-05 0.79913901897276;7.33468318354584e-05 -0.000416505769754606 0.999999910571589 1.8510691277113;0.000187488672300575 0.999999895691196 0.000416492011855487 1.5789980272571;0 0 0 1]
   Δ = 0.0290812076133165
 
