Initialisation finished
   Target Joint State: [-3.06806153433909 -1.36949397602765 1.61197504926412 -0.243675004495642 0.0735067790494495 0.00127619574965513]
   Target Pose: [-1 0 0 0.6;0 0 1 1.85;0 1 0 1.58;0 0 0 1]
   Actual Pose: [-0.999999996048173 8.54907264771663e-05 -2.43924035517039e-05 0.600083720927654;-2.43998994528953e-05 -8.76809228425988e-05 0.99999999585835 1.85004941453086;8.54885873746399e-05 0.999999992501696 8.76830084612292e-05 1.58020636779336;0 0 0 1]
   Δ = 0.000228119827554003
 
   Actual Pose: [-0.999971960506815 -0.000678149529387911 -0.00745776865909281 0.590272577702316;-0.00745272417113996 -0.00715948057681338 0.99994659794426 1.99612617374782;-0.000731507064670085 0.99997414064119 0.00715422576721722 1.57503871297836;0 0 0 1]
   Δ = 0.0356907080069121
 
   Actual Pose: [-0.999999969590801 0.000236761303974839 -6.90107449020232e-05 0.598925988762247;-6.90348915654321e-05 -0.000101980716494448 0.999999992417058 1.85085045694292;0.000236754264414281 0.999999966772008 0.000101997058184243 1.57907214059707;0 0 0 1]
   Δ = 0.0358730305616241
 
   Actual Pose: [0.991319251257632 0.00259624581571088 -0.131451137665948 0.3938792484821;-0.131089948102617 -0.0571201538176888 -0.989723554096949 1.33592436046753;-0.0100780748390239 0.998363935414089 -0.0562839663850289 1.14821055723565;0 0 0 1]
   Δ = 0.39514 Failed to achieve desired pose
   Actual Pose: [0.997429560920885 -0.00396075279888749 -0.0715442760704002 0.217872176801352;-0.0715959082408668 -0.0149516684734784 -0.997321649987117 0.637919326467115;0.00288043821959792 0.999880372868237 -0.0151968098144901 0.957944689428844;0 0 0 1]
   Δ = 0.24848 Failed to achieve desired pose
   Target Joint State: [-4.66999087772967 -0.609975720501603 1.88375290746816 -1.25870968317531 -4.59825728588455 1.57547478548274]
   Target Pose: [-0.00396075279888749 -0.997429560920885 -0.0715442760704002 0.217872176801352;-0.0149516684734784 0.0715959082408668 -0.997321649987117 0.637919326467115;0.999880372868237 -0.00288043821959792 -0.0151968098144901 0.957944689428844;0 0 0 1]
   Actual Pose: [-0.00402779622898713 -0.997419772966495 -0.0716768676282868 0.218036749557827;-0.0147179755479835 0.0717288141665121 -0.997315576141291 0.638090255496253;0.999883572248943 -0.00296204553158284 -0.0149689088768058 0.957967712599286;0 0 0 1]
   Δ = 0.000238392515723344
 
   Target Joint State: [-4.66991650049275 -0.609966927747381 1.8837467102838 -1.25871509361884 -4.5981614539543 0.00465503021263491]
   Target Pose: [0.997419772966495 -0.00402779622898713 -0.0716768676282868 0.218036749557827;-0.0717288141665121 -0.0147179755479835 -0.997315576141291 0.638090255496253;0.00296204553158284 0.999883572248943 -0.0149689088768058 0.957967712599286;0 0 0 1]
   Actual Pose: [0.997418332583649 -0.00400342092665552 -0.0716982736677595 0.21808249016357;-0.0717498493571809 -0.0147166969280254 -0.997314081896345 0.638105122906703;0.00293750630208102 0.999883688962077 -0.0149659481594909 0.957963189121328;0 0 0 1]
   Δ = 4.83084336333825e-05
 
   Actual Pose: [0.999994229989181 -0.000621095223136092 -0.00333979476457264 0.253050100010477;-0.00335561920484714 -0.0275129799999882 -0.999615814076224 0.926956422185768;0.000528968900532286 0.999621253361614 -0.0275149054088548 1.02439441282082;0 0 0 1]
   Δ = 0.07672 Failed to achieve desired pose
   Target Joint State: [-4.76407491267103 -0.777223934486583 2.30640337860213 -1.74504828167283 -6.28318530717959 0.24360162808723]
   Target Pose: [0.00333979476457264 -0.000621095223136092 0.999994229989181 0.253050100010477;0.999615814076224 -0.0275129799999882 -0.00335561920484714 0.926956422185768;0.0275149054088548 0.999621253361614 0.000528968900532286 1.02439441282082;0 0 0 1]
   Actual Pose: [0.051643056851636 -0.00143257336454698 0.998664579532374 0.328520229540074;0.998280563851545 -0.0276922055606914 -0.0516629227534226 0.923152472840286;0.0277292357496632 0.999615470811021 6.84428551402259e-16 1.02416349889664;0 0 0 1]
   Δ = 0.075566 Failed to achieve desired pose
   Target Joint State: [-3.22663052919395 -0.644069681194329 1.16357937964343 -1.49945611556813 -6.28318530717959 0.979904898390224]
   Target Pose: [-1 0 0 1.1;0 0 1 1.65;0 1 0 1.28;0 0 0 1]
   Actual Pose: [-0.996386457377785 -4.13686991313505e-05 0.0849354216024056 1.10519810126825;0.0849354215291995 3.52641073406222e-06 0.996386458236573 1.71237764589584;-4.15187287917816e-05 0.999999999138098 2.64638218584563e-16 1.27998472772108;0 0 0 1]
   Δ = 0.062594 Failed to achieve desired pose
   Target Joint State: [-3.06825953029516 -1.36999433088743 1.6130005516883 -0.245877217142613 -6.20990406810012 0.00297626432968045]
   Target Pose: [-1 0 0 0.6;0 0 1 1.85;0 1 0 1.58;0 0 0 1]
   Actual Pose: [-0.99999999225563 0.000112984291754873 -5.21851484181072e-05 0.600019639262443;-5.22088964141465e-05 -0.000210195729832903 0.999999976545993 1.84992262539268;0.000112973320009581 0.999999971526152 0.000210201626990254 1.58003270336638;0 0 0 1]
   Δ = 8.62672629699214e-05
 
   Actual Pose: [-0.999971702522137 -0.000628893187428127 -0.00749657577418955 0.590200020695496;-0.00749165045087738 -0.00749911574892973 0.999943817640024 1.9959753818371;-0.000685075544175954 0.999971683477259 0.00749419209493668 1.57486733701965;0 0 0 1]
   Δ = 0.0357173472610001
 
   Actual Pose: [-0.999999959613478 0.000267218591047113 -9.67846479599103e-05 0.598865738136809;-9.68446708879383e-05 -0.000224617276716351 0.999999970084094 1.85072523052129;0.000267196843548974 0.99999993907065 0.000224643146341346 1.57886175574881;0 0 0 1]
   Δ = 0.0359016660640162
 
   Actual Pose: [0.922906511337459 0.00541772891556652 -0.384985999153628 -0.389330502690907;-0.0309250610306116 0.997713522845593 -0.0600946497725887 -0.0965392581294722;0.383780160940053 0.0673674590914233 0.920963850280994 0.956489218646127;0 0 0 1]
   Δ = 0.75058 Failed to achieve desired pose
   Actual Pose: [0.0308813101238411 -0.957937936052346 0.285309052356925 -0.732451976906337;0.994178593694283 -4.07157608209516e-05 -0.107744708372541 -0.915455149380788;0.10322436013409 0.286975450193912 0.952360132754889 1.41549694414286;0 0 0 1]
   Δ = 0.29304 Failed to achieve desired pose
   Actual Pose: [0.121857584261335 0.973980620759682 -0.191082389409848 -0.568861831650486;-0.992510481564685 0.121238438681842 -0.0149728076935179 -0.83957169614798;0.00858330601979779 0.19147582450684 0.981459798202247 1.45270313622196;0 0 0 1]
   Δ = 0.18088 Failed to achieve desired pose
   Actual Pose: [0.106230182968816 -0.990916618364898 0.0824584966797695 -0.857889746940938;0.994244535229035 0.104695467292177 -0.0227302286762168 -1.06885673034477;0.0138907304923986 0.0843985460582599 0.996335251323388 1.49052076503887;0 0 0 1]
   Δ = 0.1582 Failed to achieve desired pose
   Actual Pose: [0.114825325950559 0.991764876141477 -0.0567236720640316 -0.61873977859053;-0.993361381610162 0.114235641238633 -0.0135419273498714 -0.928542842721204;-0.00695054284921749 0.0579020614734759 0.998298072336726 1.50429641517074;0 0 0 1]
   Δ = 0.13865 Failed to achieve desired pose
   Actual Pose: [0.114291596428039 -0.993289393324698 0.0177090963796269 -0.871537919283488;0.99343954730117 0.114202371503513 -0.00597362545020071 -1.06985204089144;0.00391111799564119 0.0182756518796559 0.999825336598547 1.48906432781916;0 0 0 1]
   Δ = 0.14663 Failed to achieve desired pose
   Actual Pose: [0.114642122801032 0.99318961237019 -0.0207744448692319 -0.622451426197993;-0.99339067408709 0.114495818787216 -0.00810408027117048 -0.933594296708248;-0.00567030126798812 0.0215662087580683 0.999751342246328 1.51095391848751;0 0 0 1]
   Δ = 0.13973 Failed to achieve desired pose
